2.500000000000000000e-01 1.439371210827567582e+00 9.593994603007154343e-01
2.550000000000000044e-01 1.433774057926931800e+00 9.695144598297111838e-01
2.600000000000000089e-01 1.422652641182019506e+00 9.699329907043077181e-01
2.650000000000000133e-01 1.405866801954604561e+00 9.778996583577470592e-01
2.700000000000000178e-01 1.382619109712416083e+00 1.000000000000000000e+00
2.750000000000000222e-01 1.351052053787825447e+00 9.893568422602438961e-01
2.800000000000000266e-01 1.308123095914823120e+00 9.950200554187198509e-01
2.849999999999999756e-01 1.250030966994892356e+00 9.927664766443169420e-01
2.899999999999999800e-01 1.173393759206504239e+00 9.762009370190403157e-01
2.949999999999999845e-01 1.077015505025401554e+00 9.574244160748399679e-01
2.999999999999999889e-01 9.634887140722071530e-01 9.295167295701549648e-01
3.049999999999999933e-01 8.395592628742848396e-01 8.809358295217607493e-01
3.099999999999999978e-01 7.146570227758745064e-01 8.094691172184932393e-01
3.150000000000000022e-01 5.981347662240420471e-01 6.871294395088930473e-01
3.200000000000000067e-01 4.966501689456472302e-01 5.599518107784391407e-01
3.250000000000000111e-01 4.129688317725513924e-01 4.563133533765807992e-01
3.300000000000000155e-01 3.464384348604216957e-01 3.613392845852619328e-01
3.350000000000000200e-01 2.944145094046777267e-01 2.927753379933181188e-01
3.400000000000000244e-01 2.536907069966176098e-01 2.433736971537915628e-01
3.449999999999999734e-01 2.213920938437048125e-01 2.063298091173282889e-01
3.499999999999999778e-01 1.952981535368760735e-01 1.775883201538737965e-01
3.549999999999999822e-01 1.738181244079504417e-01 1.546572699281593410e-01
3.599999999999999867e-01 1.558415227572609585e-01 1.357240089723119048e-01
3.649999999999999911e-01 1.405875372000205126e-01 1.208053728691960149e-01
3.699999999999999956e-01 1.274954278505265881e-01 1.073659399935716074e-01
3.750000000000000000e-01 1.161518807487460919e-01 9.647513744648270051e-02
3.800000000000000044e-01 1.062441739344194835e-01 8.700469323117426823e-02
3.850000000000000089e-01 9.753043693482048304e-02 7.894842572351591647e-02
3.900000000000000133e-01 8.982018370365266180e-02 8.020358949330239073e-02
3.950000000000000178e-01 8.296110765840192247e-02 7.351159234030481271e-02
4.000000000000000222e-01 7.682984721902656744e-02 6.782416118362528945e-02
4.050000000000000266e-01 7.132536193136024272e-02 6.250765810719820237e-02
4.099999999999999756e-01 6.636407841454192158e-02 5.801616598247708034e-02
4.149999999999999800e-01 6.187626752696911980e-02 5.383548273325957506e-02
4.199999999999999845e-01 5.780329714818448206e-02 5.032228010743797914e-02
4.249999999999999889e-01 5.409551967275683798e-02 4.688609966057308287e-02
4.299999999999999933e-01 5.071062734201216282e-02 4.408092274089758789e-02
4.349999999999999978e-01 4.761235754838855777e-02 4.103887750233860265e-02
4.400000000000000022e-01 4.476946341930165829e-02 3.844830525229995383e-02
4.450000000000000067e-01 4.215488788497917527e-02 3.617139682012843888e-02
4.500000000000000111e-01 3.974509551623745668e-02 3.405353808473508825e-02
4.550000000000000155e-01 3.751952789097397212e-02 3.208141619256652671e-02
4.600000000000000200e-01 3.546015654917782089e-02 3.032748296420358092e-02
4.650000000000000244e-01 3.355111367964652008e-02 2.850396511059483107e-02
4.699999999999999734e-01 3.177838519648443910e-02 2.688080172074850532e-02
4.749999999999999778e-01 3.012955424438338095e-02 2.540926272694096419e-02
4.799999999999999822e-01 2.859358573458628885e-02 2.413156574253448594e-02
4.849999999999999867e-01 2.716064446627576914e-02 2.279988216562351538e-02
4.899999999999999911e-01 2.582194089818609997e-02 2.177241536553995924e-02
4.949999999999999956e-01 2.456959980566666632e-02 2.060023484535328589e-02
5.000000000000000000e-01 2.339654797413323606e-02 1.971360369988767527e-02
5.050000000000000044e-01 2.229641780560844000e-02 1.870451635707982146e-02
5.100000000000000089e-01 2.126346428164250027e-02 1.786209393284803049e-02
5.150000000000000133e-01 2.029249318968471757e-02 1.699822880846125692e-02
5.200000000000000178e-01 1.937879888294121930e-02 1.632990273003067164e-02
5.250000000000000222e-01 1.851811013857418767e-02 1.568049523962254319e-02
5.300000000000000266e-01 1.770654292548584641e-02 1.499434721412028562e-02
5.350000000000000311e-01 1.694055908229926202e-02 1.430176025208577430e-02
5.400000000000000355e-01 1.621693006776096790e-02 1.386757620637611363e-02
5.450000000000000400e-01 1.553270508299921769e-02 1.327209404361489459e-02
5.500000000000000444e-01 1.488518296806732623e-02 1.281354496404341070e-02
5.550000000000000488e-01 1.427188736575008693e-02 1.225926341800855600e-02
5.600000000000000533e-01 1.369054472593799095e-02 1.189144759252145321e-02
5.649999999999999467e-01 1.313906478432803199e-02 1.146302244342484525e-02
5.699999999999999512e-01 1.261552319873254085e-02 1.109148171459653498e-02
5.749999999999999556e-01 1.211814607266344969e-02 1.066575221923369600e-02
5.799999999999999600e-01 1.164529613850366976e-02 1.038067642186177135e-02
5.849999999999999645e-01 1.119546039905395911e-02 1.000811502050608440e-02
5.899999999999999689e-01 1.076723905028176623e-02 9.729369720868486296e-03
5.949999999999999734e-01 1.035933553224604141e-02 9.384836991858245409e-03
5.999999999999999778e-01 9.970547589499096849e-03 9.231654017842483295e-03
6.049999999999999822e-01 9.599759228901549868e-03 9.053138637863623536e-03
6.099999999999999867e-01 9.245933448451782236e-03 8.681301999773174613e-03
6.149999999999999911e-01 8.908105650914358367e-03 8.345212793435386259e-03
6.199999999999999956e-01 8.585377716687058597e-03 8.206458306029628530e-03
6.250000000000000000e-01 8.276912679679782059e-03 7.972661194456913056e-03
6.300000000000000044e-01 7.981929839578936342e-03 7.772468469918514082e-03
6.350000000000000089e-01 7.699700213176807230e-03 7.574991003868312457e-03
6.400000000000000133e-01 7.429542465938654763e-03 7.444527489639622513e-03
6.450000000000000178e-01 7.170819429971378965e-03 7.251870342584261844e-03
6.500000000000000222e-01 6.922934931551600127e-03 7.135487330574487308e-03
6.550000000000000266e-01 6.685330529394247802e-03 6.938704608009307363e-03
6.600000000000000311e-01 6.457482279324610816e-03 6.838924372405249565e-03
6.650000000000000355e-01 6.238898148158661221e-03 6.683444578878602362e-03
6.700000000000000400e-01 6.029116319672679115e-03 6.582633255721378161e-03
6.750000000000000444e-01 5.827703672901057841e-03 6.414236379621367570e-03
6.800000000000000488e-01 5.634253478303126797e-03 6.325800557696449264e-03
6.850000000000000533e-01 5.448382389664570453e-03 6.166174971256980185e-03
6.899999999999999467e-01 5.269727981376738646e-03 6.044070434197279171e-03
6.949999999999999512e-01 5.097947913456373284e-03 5.899803947554537777e-03
6.999999999999999556e-01 4.932720308758476932e-03 5.804510137471479217e-03
7.049999999999999600e-01 4.773743653581905173e-03 5.663680609339293362e-03
7.099999999999999645e-01 4.620734869425399335e-03 5.561438139108867799e-03
7.149999999999999689e-01 4.473425899919285416e-03 5.388325706920488525e-03
7.199999999999999734e-01 4.331560635391408683e-03 5.324787923118387382e-03
7.249999999999999778e-01 4.194893926450130039e-03 5.183146022974615720e-03
7.299999999999999822e-01 4.063192907298636587e-03 5.107828845004516900e-03
7.349999999999999867e-01 3.936239148854925145e-03 4.944821438426318973e-03
7.399999999999999911e-01 3.813829593378633472e-03 4.890175023405626473e-03
7.449999999999999956e-01 3.695775103035205036e-03 4.745414742010743529e-03
7.500000000000000000e-01 3.581897043200578650e-03 4.699809182023969786e-03
7.550000000000000044e-01 3.472023514984681498e-03 4.561438212626696756e-03
7.600000000000000089e-01 3.365986977741998541e-03 4.489346016759908527e-03
7.650000000000000133e-01 3.263624147336877199e-03 4.386000166444365377e-03
7.700000000000000178e-01 3.164777845902554294e-03 4.317642676295999245e-03
7.750000000000000222e-01 3.069299601788921372e-03 4.209577594000631605e-03
7.800000000000000266e-01 2.977051620929961184e-03 4.169994369514528135e-03
7.850000000000000311e-01 2.887907214351984400e-03 4.063148457885116041e-03
7.900000000000000355e-01 2.801749529838700337e-03 4.007497911848594517e-03
7.950000000000000400e-01 2.718469111812492258e-03 3.906059236549692948e-03
8.000000000000000444e-01 2.637961153441569211e-03 3.867977001074439022e-03
8.050000000000000488e-01 2.560123262050786105e-03 3.775783805433791281e-03
8.100000000000000533e-01 2.484854245502094230e-03 3.691234013425532222e-03
8.149999999999999467e-01 2.412054021774285347e-03 3.595628365217362447e-03
8.199999999999999512e-01 2.341624414110451708e-03 3.555982037927946007e-03
8.249999999999999556e-01 2.273470407807582066e-03 3.470752206000485892e-03
8.299999999999999600e-01 2.207501423887803065e-03 3.409672980933298007e-03
8.349999999999999645e-01 2.143632267314371075e-03 3.292234375427322696e-03
8.399999999999999689e-01 2.081783568598752961e-03 3.221226567539800523e-03
8.449999999999999734e-01 2.021881697841300916e-03 3.123803191007063981e-03
8.499999999999999778e-01 1.963858249881227872e-03 3.082171882331871931e-03
8.549999999999999822e-01 1.907649262521612281e-03 2.965821340696618048e-03
8.599999999999999867e-01 1.853194340260194434e-03 2.896510569364219110e-03
8.649999999999999911e-01 1.800435828406585703e-03 2.793058730845052184e-03
8.699999999999999956e-01 1.749318135170428159e-03 2.711207043164866413e-03
8.750000000000000000e-01 1.699787248379056818e-03 2.622840450529019887e-03
8.800000000000000044e-01 1.651790450038632865e-03 2.561996482514961124e-03
8.850000000000000089e-01 1.605276201568553180e-03 2.456716500645437715e-03
8.900000000000000133e-01 1.560194156207485522e-03 2.384077209600409149e-03
8.950000000000000178e-01 1.516495250788218183e-03 2.287676956189353163e-03
9.000000000000000222e-01 1.474131833342960662e-03 2.229630341572656251e-03
9.050000000000000266e-01 1.433057792149085427e-03 2.141433452592322005e-03
9.100000000000000311e-01 1.393228662722965742e-03 2.068064497093448102e-03
9.150000000000000355e-01 1.354601699672112764e-03 1.962946254447951559e-03
9.200000000000000400e-01 1.317135908903473845e-03 1.910080808837274482e-03
9.250000000000000444e-01 1.280792041916151321e-03 1.814507631003625361e-03
9.300000000000000488e-01 1.245532557792633629e-03 1.753351212215879416e-03
9.350000000000000533e-01 1.211321560387687004e-03 1.658954319647875254e-03
9.399999999999999467e-01 1.178124718588299770e-03 1.602525097271439861e-03
9.449999999999999512e-01 1.145909176886764427e-03 1.515081766039409359e-03
9.499999999999999556e-01 1.114643462314356516e-03 1.451225404977862874e-03
9.549999999999999600e-01 1.084297392368499362e-03 1.376702832210650916e-03
9.599999999999999645e-01 1.054841987169926687e-03 1.310747537128219200e-03
9.649999999999999689e-01 1.026249387852493306e-03 1.248436888423559233e-03
9.699999999999999734e-01 9.984927821870142901e-04 1.196410771361805991e-03
9.749999999999999778e-01 9.715463376890086985e-04 1.126601304088659713e-03
9.799999999999999822e-01 9.453851419421312012e-04 1.081122562357087662e-03
9.849999999999999867e-01 9.199851495499100076e-04 1.031189865479036809e-03
9.899999999999999911e-01 8.953231349668329094e-04 9.828476043039103150e-04
9.949999999999999956e-01 8.713766504149085502e-04 9.207660861666206592e-04
1.000000000000000000e+00 8.481239881272822521e-04 8.932048646845540830e-04
1.004999999999999893e+00 8.255441462464264231e-04 8.456572087123136921e-04
1.010000000000000009e+00 8.036167978177651385e-04 8.127377627858042549e-04
1.014999999999999902e+00 7.823222624433737908e-04 7.676670450057524690e-04
1.020000000000000018e+00 7.616414802827938630e-04 7.455810638461175636e-04
1.024999999999999911e+00 7.415559882010485217e-04 7.112194431720415128e-04
1.030000000000000027e+00 7.220478979624037280e-04 6.804320142895133863e-04
1.034999999999999920e+00 7.030998764488192261e-04 6.522746857431382678e-04
1.040000000000000036e+00 6.846951279418738139e-04 6.248198813186981240e-04
1.044999999999999929e+00 6.668173785441954427e-04 5.988231192399393835e-04
1.050000000000000044e+00 6.494508628292017336e-04 5.836029068753580259e-04
1.054999999999999938e+00 6.325803127944474528e-04 5.607408837646853496e-04
1.060000000000000053e+00 6.161909491524580939e-04 5.399333163882906027e-04
1.064999999999999947e+00 6.002684749224354100e-04 5.206328645085033435e-04
1.070000000000000062e+00 5.847990711863634405e-04 5.074384359248499581e-04
1.074999999999999956e+00 5.697693947449247081e-04 4.891059687949163466e-04
1.080000000000000071e+00 5.551665772553401575e-04 4.826568010314453657e-04
1.084999999999999964e+00 5.409782252604191603e-04 4.627804594903528685e-04
1.090000000000000080e+00 5.271924203344665640e-04 4.550753621463755937e-04
1.094999999999999973e+00 5.137977183894224670e-04 4.434738198599495165e-04
1.100000000000000089e+00 5.007831470194351250e-04 4.361587958642202507e-04
1.104999999999999982e+00 4.881381996330891879e-04 4.252883883882216062e-04
1.110000000000000098e+00 4.758528250514526374e-04 4.196704009476154664e-04
1.114999999999999991e+00 4.639174112601720189e-04 4.038191605499016380e-04
1.120000000000000107e+00 4.523227621178791237e-04 3.968818956660455865e-04
1.125000000000000000e+00 4.410600660613473735e-04 3.942025996492513331e-04
1.129999999999999893e+00 4.301208562247651156e-04 3.846861455258960985e-04
1.135000000000000009e+00 4.194969619120567854e-04 3.758864289714356020e-04
1.139999999999999902e+00 4.091804520212008337e-04 3.745794657645604847e-04
1.145000000000000018e+00 3.991635717967345945e-04 3.650446321839294697e-04
1.149999999999999911e+00 3.894386751424619366e-04 3.611951161223912981e-04
1.155000000000000027e+00 3.799981556036572815e-04 3.520033657442401620e-04
1.159999999999999920e+00 3.708343799517619006e-04 3.464160107324267728e-04
1.165000000000000036e+00 3.619396289845910604e-04 3.398871986540944021e-04
1.169999999999999929e+00 3.533060505916056746e-04 3.346858122450708291e-04
1.175000000000000044e+00 3.449256302253636986e-04 3.295273112363571936e-04
1.179999999999999938e+00 3.367901835742916246e-04 3.257881331833308242e-04
1.185000000000000053e+00 3.288913753773324545e-04 3.173683200107591039e-04
1.189999999999999947e+00 3.212207669218495850e-04 3.146991939603240832e-04
1.195000000000000062e+00 3.137698928347726780e-04 3.063875745262487115e-04
1.199999999999999956e+00 3.065303653851867414e-04 3.008023025195932765e-04
1.205000000000000071e+00 2.994940018027402785e-04 2.960562977970039068e-04
1.209999999999999964e+00 2.926529672860995416e-04 2.917167241396380339e-04
1.215000000000000080e+00 2.859999236952461563e-04 2.861946774660110017e-04
1.219999999999999973e+00 2.795281717007472321e-04 2.819857817498752878e-04
1.225000000000000089e+00 2.732317727304398296e-04 2.767721423693345821e-04
1.229999999999999982e+00 2.671056367210395657e-04 2.726694799162524235e-04
1.235000000000000098e+00 2.611455627033573332e-04 2.639963978224215552e-04
1.239999999999999991e+00 2.553482217782786527e-04 2.621523256090927821e-04
1.245000000000000107e+00 2.497110760872367800e-04 2.547433825866846470e-04
1.250000000000000000e+00 2.442322327813837299e-04 2.540694691532422388e-04
1.254999999999999893e+00 2.389102383913018445e-04 2.475120463864173559e-04
1.260000000000000009e+00 2.337438258483137406e-04 2.448246021435642708e-04
1.264999999999999902e+00 2.287316330041047835e-04 2.417204956042709842e-04
1.270000000000000018e+00 2.238719170297296843e-04 2.380670883518645981e-04
1.274999999999999911e+00 2.191622927207083902e-04 2.346811634676772046e-04
1.280000000000000027e+00 2.145995237479305740e-04 2.311747918734764382e-04
1.284999999999999920e+00 2.101793937274826999e-04 2.257058618313761836e-04
1.290000000000000036e+00 2.058966783957815621e-04 2.250952349958197857e-04
1.294999999999999929e+00 2.017452313248495755e-04 2.174044736285175438e-04
1.300000000000000044e+00 1.977181840990672285e-04 2.183867330901886439e-04
1.304999999999999938e+00 1.938082487485864381e-04 2.132221055957164420e-04
1.310000000000000053e+00 1.900080969267971558e-04 2.101690939476496406e-04
1.314999999999999947e+00 1.863107785110442555e-04 2.041712643900122780e-04
1.320000000000000062e+00 1.827101337367695332e-04 2.062706272649005457e-04
1.324999999999999956e+00 1.792011492082021436e-04 2.021862830042364786e-04
1.330000000000000071e+00 1.757802102986437615e-04 1.998030800441538387e-04
1.334999999999999964e+00 1.724452110360758959e-04 1.957943366177505493e-04
1.340000000000000080e+00 1.691954972092199721e-04 1.939951715450320875e-04
1.344999999999999973e+00 1.660316378612492763e-04 1.942341044896162027e-04
1.350000000000000089e+00 1.629550424403742952e-04 1.929230365372828116e-04
1.354999999999999982e+00 1.599674628562935844e-04 1.887876586502499211e-04
1.360000000000000098e+00 1.570704384103299700e-04 1.879524348467844408e-04
1.364999999999999991e+00 1.542647539673822738e-04 1.861389950622485267e-04
1.370000000000000107e+00 1.515499853236059455e-04 1.836414106130534183e-04
1.375000000000000000e+00 1.489241990239475902e-04 1.801983256167386351e-04
1.379999999999999893e+00 1.463838568195982744e-04 1.799716456436716255e-04
1.385000000000000009e+00 1.439239490358835006e-04 1.773168555699116918e-04
1.389999999999999902e+00 1.415383494058877940e-04 1.746681307170527169e-04
1.395000000000000018e+00 1.392203507278793413e-04 1.714721881562385425e-04
1.399999999999999911e+00 1.369633110465189008e-04 1.720235718745095964e-04
1.405000000000000027e+00 1.347613189292558137e-04 1.690542480219047968e-04
1.409999999999999920e+00 1.326097779395441400e-04 1.655560246537628893e-04
1.415000000000000036e+00 1.305058170755493349e-04 1.648576052772862156e-04
1.419999999999999929e+00 1.284484559678224463e-04 1.638099762125712323e-04
1.425000000000000044e+00 1.264384886873767637e-04 1.610101722209059713e-04
1.429999999999999938e+00 1.244780933592991290e-04 1.644512354769204349e-04
1.435000000000000053e+00 1.225702198023190736e-04 1.579571605728391699e-04
1.439999999999999947e+00 1.207178466244114898e-04 1.578243996264510024e-04
1.445000000000000062e+00 1.189232254431373296e-04 1.568686678481145144e-04
1.449999999999999956e+00 1.171872376651260519e-04 1.528231655071598269e-04
1.455000000000000071e+00 1.155089758566547127e-04 1.506829389722619142e-04
1.459999999999999964e+00 1.138856280371758247e-04 1.474706386944723603e-04
1.465000000000000080e+00 1.123126938408020920e-04 1.469212767165016260e-04
1.469999999999999973e+00 1.107845042580761740e-04 1.458226140254177650e-04
1.475000000000000089e+00 1.092949614879831446e-04 1.411378741604141674e-04
1.479999999999999982e+00 1.078383725647160502e-04 1.406151011306355986e-04
1.485000000000000098e+00 1.064102285916778193e-04 1.378152971389703647e-04
1.489999999999999991e+00 1.050077859802581246e-04 1.338779885365119716e-04
1.495000000000000107e+00 1.036303377498648689e-04 1.314580266618779064e-04
1.500000000000000000e+00 1.022791172166679323e-04 1.306370775702298784e-04
1.504999999999999893e+00 1.009568440957147391e-04 1.270878205757191204e-04
1.510000000000000009e+00 9.966699173668156441e-05 1.245882143862236653e-04
1.514999999999999902e+00 9.841291048266101839e-05 1.225542211143793351e-04
1.520000000000000018e+00 9.719697420025973761e-05 1.208612893047144557e-04
1.524999999999999911e+00 9.601991725337776157e-05 1.206795164722577573e-04
1.530000000000000027e+00 9.488049597572811140e-05 1.172956745932283046e-04
1.534999999999999920e+00 9.377554719637497889e-05 1.154454758941409923e-04
1.540000000000000036e+00 9.270043788897459566e-05 1.136197831380879591e-04
1.544999999999999929e+00 9.164982001785593494e-05 1.102747219139102377e-04
1.550000000000000044e+00 9.061853976588825463e-05 1.107137458833691698e-04
1.554999999999999938e+00 8.960251484620501629e-05 1.069643365991260008e-04
1.560000000000000053e+00 8.859939626776977431e-05 1.064334153432885732e-04
1.564999999999999947e+00 8.760887270739493513e-05 1.038704612910495409e-04
1.570000000000000062e+00 8.663254905535473652e-05 1.036682872610168238e-04
1.574999999999999956e+00 8.567342098749328356e-05 1.004539652429269232e-04
1.580000000000000071e+00 8.473505541016824213e-05 9.892847028904368234e-05
1.584999999999999964e+00 8.382065281009551145e-05 9.754792798820813402e-05
1.590000000000000080e+00 8.293219643442686884e-05 9.485435725959645548e-05
1.594999999999999973e+00 8.206987709893208839e-05 9.389452073580172075e-05
1.600000000000000089e+00 8.123192346093876214e-05 9.315119421871476298e-05
1.604999999999999982e+00 8.041487788308789931e-05 9.182989503516457224e-05
1.610000000000000098e+00 7.961425720357754188e-05 8.955494707843579365e-05
1.614999999999999991e+00 7.882544879183525633e-05 8.740859405777932814e-05
1.620000000000000107e+00 7.804463624543551460e-05 8.715949114683598029e-05
1.625000000000000000e+00 7.726954000860209273e-05 8.431269700940254865e-05
1.629999999999999893e+00 7.649979944290660912e-05 8.358774994959127641e-05
1.635000000000000009e+00 7.573690592226458088e-05 8.174772121686319675e-05
1.639999999999999902e+00 7.498370249042200406e-05 8.091660215885596323e-05
1.645000000000000018e+00 7.424356949695176732e-05 7.740612581919692297e-05
1.649999999999999911e+00 7.351949215265106939e-05 7.549870574312459977e-05
1.655000000000000027e+00 7.281323582334931497e-05 7.261313095083940972e-05
1.659999999999999920e+00 7.212482979528453018e-05 7.177790714737392942e-05
1.665000000000000036e+00 7.145248531772152285e-05 7.005434290891621825e-05
1.669999999999999929e+00 7.079296669058600085e-05 6.812241688980961605e-05
1.675000000000000044e+00 7.014232128682360956e-05 6.589648081914936835e-05
1.679999999999999938e+00 6.949678407635069403e-05 6.461402355530848943e-05
1.685000000000000053e+00 6.885362776566742457e-05 6.165695267422083617e-05
1.689999999999999947e+00 6.821174316056237332e-05 6.055418523767872843e-05
1.695000000000000062e+00 6.757180318203545491e-05 5.851406548007583860e-05
1.699999999999999956e+00 6.693597108004605500e-05 5.777073896298887405e-05
1.705000000000000071e+00 6.630723141651766314e-05 5.450323904851461527e-05
1.709999999999999964e+00 6.568852055851259460e-05 5.175042520261759270e-05
1.715000000000000080e+00 6.508188565037871401e-05 5.057616167727300820e-05
1.719999999999999973e+00 6.448789299085156020e-05 4.759868959860931594e-05
1.725000000000000089e+00 6.390543996876156974e-05 4.690027022213265584e-05
1.729999999999999982e+00 6.333201655786656478e-05 4.485812872422943287e-05
1.735000000000000098e+00 6.276434162665884403e-05 4.274246939722340001e-05
1.739999999999999991e+00 6.219919859793009869e-05 4.218900267379443927e-05
1.745000000000000107e+00 6.163424187235684614e-05 3.926262548635719833e-05
1.750000000000000000e+00 6.106855475712804444e-05 3.911350682299367167e-05
1.754999999999999893e+00 6.050280919266729066e-05 3.644235903225835171e-05
1.760000000000000009e+00 5.993898838643614649e-05 3.458811685257038671e-05
1.764999999999999902e+00 5.937975487810715500e-05 3.334444024358123909e-05
1.770000000000000018e+00 5.882764465253829158e-05 3.338322089843296362e-05
1.774999999999999911e+00 5.828431504619053079e-05 3.167595311209303111e-05
1.780000000000000027e+00 5.775005693812683541e-05 2.922744181382404093e-05
1.784999999999999920e+00 5.722370488945980769e-05 3.011780398911661848e-05
1.790000000000000036e+00 5.670296437673507831e-05 2.825333057821184372e-05
1.794999999999999929e+00 5.618505589296932822e-05 2.703415991225696156e-05
1.800000000000000044e+00 5.566748586462549040e-05 2.713622716499469300e-05
1.804999999999999938e+00 5.514872002321223056e-05 2.714033191045293300e-05
1.810000000000000053e+00 5.462856595100650409e-05 2.654195804641366782e-05
1.814999999999999947e+00 5.410815874138712531e-05 2.594364544723198993e-05
1.820000000000000062e+00 5.358956128780372927e-05 2.593341421601518356e-05
1.824999999999999956e+00 5.307510384690517841e-05 2.531874389985812955e-05
1.830000000000000071e+00 5.256666271048041658e-05 2.589665530146377861e-05
1.834999999999999964e+00 5.206509288112284742e-05 2.527788023984848799e-05
1.840000000000000080e+00 5.156998041557245098e-05 2.448345883153507213e-05
1.844999999999999973e+00 5.107978176116724527e-05 2.509206392679114367e-05
1.850000000000000089e+00 5.059229995537964614e-05 2.509610740739179639e-05
1.854999999999999982e+00 5.010534669916742414e-05 2.535550281440953450e-05
1.860000000000000098e+00 4.961738559286118491e-05 2.583949518933634823e-05
1.864999999999999991e+00 4.912796123948790124e-05 2.472037003581886776e-05
1.870000000000000107e+00 4.863778800660650896e-05 2.512061335042606861e-05
1.875000000000000000e+00 4.814847913703433608e-05 2.594977193299055968e-05
1.879999999999999893e+00 4.766200816853041240e-05 2.580273627478494328e-05
1.885000000000000009e+00 4.718007567329077977e-05 2.606207041694509410e-05
1.889999999999999902e+00 4.670358024524802541e-05 2.549432898169866750e-05
1.895000000000000018e+00 4.623235599936413679e-05 2.614373647210679671e-05
1.899999999999999911e+00 4.576525190484289138e-05 2.677072102463857073e-05
1.905000000000000027e+00 4.530051912736327870e-05 2.625199147546068180e-05
1.909999999999999920e+00 4.483637605514821206e-05 2.664819130946722317e-05
1.915000000000000036e+00 4.437156731118438403e-05 2.627649741849494725e-05
1.919999999999999929e+00 4.390573919599345150e-05 2.859641378069161080e-05
1.925000000000000044e+00 4.343951678924096009e-05 2.797966045937664653e-05
1.929999999999999938e+00 4.297426630138784112e-05 2.863929918100158211e-05
1.935000000000000053e+00 4.251162791451350265e-05 2.756103768749374659e-05
1.939999999999999947e+00 4.205297633762977873e-05 2.803277709090342421e-05
1.945000000000000062e+00 4.159898576329700985e-05 2.852081294643089404e-05
1.949999999999999956e+00 4.114943744263615258e-05 2.874547117919755356e-05
1.955000000000000071e+00 4.070332533558633113e-05 2.787348846118067509e-05
1.959999999999999964e+00 4.025921623185021016e-05 2.811033840060688682e-05
1.965000000000000080e+00 3.981573830594301803e-05 2.862704620948444939e-05
1.969999999999999973e+00 3.937203316998929263e-05 2.857190783765734535e-05
1.975000000000000089e+00 3.892802313099932404e-05 2.823899460153679735e-05
1.979999999999999982e+00 3.848441085679992938e-05 2.899665709529881166e-05
1.985000000000000098e+00 3.804242011544833581e-05 2.820634043244363241e-05
1.989999999999999991e+00 3.760337249850361256e-05 2.787140545602276144e-05
1.995000000000000107e+00 3.716824722372308158e-05 2.901301481227418439e-05
2.000000000000000000e+00 3.673737243064463710e-05 2.969097172631723515e-05
2.004999999999999893e+00 3.631034756497549443e-05 2.926622246867576884e-05
2.009999999999999787e+00 3.588621522610601586e-05 2.861068849250907327e-05
2.015000000000000124e+00 3.546381562303439170e-05 2.677274276493889709e-05
2.020000000000000018e+00 3.504219671351499173e-05 2.930298138322717379e-05
2.024999999999999911e+00 3.462093811000652339e-05 2.824107760669471100e-05
2.029999999999999805e+00 3.420028092115904049e-05 2.815732854637509813e-05
2.035000000000000142e+00 3.378102585959771441e-05 2.815935028667542449e-05
2.040000000000000036e+00 3.336424302083568146e-05 2.778771766056073586e-05
2.044999999999999929e+00 3.295090036981651252e-05 2.789186791845637756e-05
2.049999999999999822e+00 3.254154254710157738e-05 2.760392308780371790e-05
2.055000000000000160e+00 3.213612965059199839e-05 2.721997622531430926e-05
2.060000000000000053e+00 3.173408613215512398e-05 2.747526688687380398e-05
2.064999999999999947e+00 3.133453477733384095e-05 2.718321731076290431e-05
2.069999999999999840e+00 3.093662675137572320e-05 2.749364634414950645e-05
2.075000000000000178e+00 3.053984809032469312e-05 2.640515361942486118e-05
2.080000000000000071e+00 3.014419559966805231e-05 2.712605719863547053e-05
2.084999999999999964e+00 2.975016513726739078e-05 2.659507467794044888e-05
2.089999999999999858e+00 2.935856380884991753e-05 2.640104887396662117e-05
2.095000000000000195e+00 2.897021972899998130e-05 2.617847364635787530e-05
2.100000000000000089e+00 2.858569674043056315e-05 2.663796007825042019e-05
2.104999999999999982e+00 2.820511567732155442e-05 2.563321641384538779e-05
2.109999999999999876e+00 2.782814176248722530e-05 2.596202490450769240e-05
2.115000000000000213e+00 2.745413582045514150e-05 2.575164138355849535e-05
2.120000000000000107e+00 2.708240813587867266e-05 2.618662187241676802e-05
2.125000000000000000e+00 2.671247914694884376e-05 2.656444224914761369e-05
2.129999999999999893e+00 2.634425246093482478e-05 2.610293407695473905e-05
2.134999999999999787e+00 2.597804121168901029e-05 2.564749112566285026e-05
2.140000000000000124e+00 2.561444443080761833e-05 2.571286072870676066e-05
2.145000000000000018e+00 2.525412487069255782e-05 2.578025207205100419e-05
2.149999999999999911e+00 2.489757360639331598e-05 2.650519913186226287e-05
2.154999999999999805e+00 2.454494808177136206e-05 2.450392129396868486e-05
2.160000000000000142e+00 2.419603974033132269e-05 2.514922403891857406e-05
2.165000000000000036e+00 2.385037739581292443e-05 2.491029109433445546e-05
2.169999999999999929e+00 2.350742221663639929e-05 2.509819041254971004e-05
2.174999999999999822e+00 2.316677822900854695e-05 2.379116594081697499e-05
2.180000000000000160e+00 2.282833974606272661e-05 2.467337989005065644e-05
2.185000000000000053e+00 2.249232391097243650e-05 2.554946735352577492e-05
2.189999999999999947e+00 2.215918150478420702e-05 2.426701008968489261e-05
2.194999999999999840e+00 2.182942483288468190e-05 2.431191723029519028e-05
2.200000000000000178e+00 2.150344076556919533e-05 2.338277440015087803e-05
2.205000000000000071e+00 2.118135955128512706e-05 2.373400582868953783e-05
2.209999999999999964e+00 2.086302595612746544e-05 2.366863622564562743e-05
2.214999999999999858e+00 2.054807873603303745e-05 2.390554742992942306e-05
2.220000000000000195e+00 2.023610337708238747e-05 2.297432159462720056e-05
2.225000000000000089e+00 1.992679698450830830e-05 2.304986116403033342e-05
2.229999999999999982e+00 1.962008240735891646e-05 2.233104058997763771e-05
2.234999999999999876e+00 1.931613082382591315e-05 2.181028930049942242e-05
2.240000000000000213e+00 1.901528866212000469e-05 2.223712156329880237e-05
2.245000000000000107e+00 1.871794131999369716e-05 2.141819421195112106e-05
2.250000000000000000e+00 1.842436871200976814e-05 2.077289146700122847e-05
2.254999999999999893e+00 1.813464819166583141e-05 2.097506549703394890e-05
2.259999999999999787e+00 1.784863962224438302e-05 2.149986026711282028e-05
2.265000000000000124e+00 1.756605420865688184e-05 2.121399844161807088e-05
2.270000000000000018e+00 1.728657644990293143e-05 2.054210674847600258e-05
2.274999999999999911e+00 1.700998961378737652e-05 2.054008500817567284e-05
2.279999999999999805e+00 1.673625619623850001e-05 1.983345614078252595e-05
2.285000000000000142e+00 1.646552459678596612e-05 2.031340503510868696e-05
2.290000000000000036e+00 1.619806321406019666e-05 1.974976834532050037e-05
2.294999999999999929e+00 1.593415124363511558e-05 1.953325833861273357e-05
2.299999999999999822e+00 1.567397081598439617e-05 1.891246153669710981e-05
2.305000000000000160e+00 1.541754235255434123e-05 1.926577597039368325e-05
2.310000000000000053e+00 1.516472606254780642e-05 1.893898922003170500e-05
2.314999999999999947e+00 1.491528551842156865e-05 1.920451111280801286e-05
2.319999999999999840e+00 1.466898517662885005e-05 1.867352859211298782e-05
2.325000000000000178e+00 1.442568185294209930e-05 1.812416661414226369e-05
2.330000000000000071e+00 1.418537459314223993e-05 1.833859361569211685e-05
2.334999999999999964e+00 1.394819557401846782e-05 1.803435233292166836e-05
2.339999999999999858e+00 1.371434879116620120e-05 1.790771787229208418e-05
2.345000000000000195e+00 1.348402352916678598e-05 1.687644652455245659e-05
2.350000000000000089e+00 1.325731815421338168e-05 1.702752566335872570e-05
2.354999999999999982e+00 1.303420381062567161e-05 1.683760460484314139e-05
2.359999999999999876e+00 1.281454022172774528e-05 1.611878403079044567e-05
2.365000000000000213e+00 1.259813446506979774e-05 1.629645211778889388e-05
2.370000000000000107e+00 1.238481699628635878e-05 1.590025228378235252e-05
2.375000000000000000e+00 1.217450371003426691e-05 1.574304665921751365e-05
2.379999999999999893e+00 1.196722007819604297e-05 1.561641219858792947e-05
2.384999999999999787e+00 1.176307984916163436e-05 1.501191184879009793e-05
2.390000000000000124e+00 1.156222937582761595e-05 1.480569433815672478e-05
2.395000000000000018e+00 1.136478180417125871e-05 1.467495513206889891e-05
2.399999999999999911e+00 1.117076809335050058e-05 1.420934221441778765e-05
2.404999999999999805e+00 1.098012359130711873e-05 1.367842095858034990e-05
2.410000000000000142e+00 1.079271354941083294e-05 1.348439515460652389e-05
2.415000000000000036e+00 1.060838508227041170e-05 1.287989480480869403e-05
2.419999999999999929e+00 1.042702310363969021e-05 1.291463197905977093e-05
2.424999999999999822e+00 1.024858741824250924e-05 1.236735300624695706e-05
2.430000000000000160e+00 1.007311705430599276e-05 1.236735300624695706e-05
2.435000000000000053e+00 9.900701979237076482e-06 1.166893362977029188e-05
2.439999999999999947e+00 9.731435568132096453e-06 1.254906457384606137e-05
2.444999999999999840e+00 9.565368258499341788e-06 1.144017065154538896e-05
2.450000000000000178e+00 9.402481181095994668e-06 1.085202801872293354e-05
2.455000000000000071e+00 9.242689347037579505e-06 1.056616619322818583e-05
2.459999999999999964e+00 9.085871365387778359e-06 1.039866807258895670e-05
2.464999999999999858e+00 8.931912000636632818e-06 1.017811458528053549e-05
2.470000000000000195e+00 8.780739414275956229e-06 9.916758702820054926e-06
2.475000000000000089e+00 8.632342158709473273e-06 1.004945838435062157e-05
2.479999999999999982e+00 8.486760158955763495e-06 9.641066843684529685e-06
2.484999999999999876e+00 8.344054933790255664e-06 8.360631320143973737e-06
2.490000000000000213e+00 8.204272539380687916e-06 8.954900438724997221e-06
2.495000000000000107e+00 8.067414929707125433e-06 7.792889884897547138e-06
2.500000000000000000e+00 7.933431042676813931e-06 8.182963233145523836e-06
2.504999999999999893e+00 7.802230117907179386e-06 7.402816536649569594e-06
2.509999999999999787e+00 7.673710417930186060e-06 7.114871705996908241e-06
2.515000000000000124e+00 7.547790552048078015e-06 6.910675935663861454e-06
2.520000000000000018e+00 7.424430276858654814e-06 6.982172024466341602e-06
2.524999999999999911e+00 7.303632785905455845e-06 6.522685592573797557e-06
2.529999999999999805e+00 7.185428659809735275e-06 5.961070643085937320e-06
2.535000000000000142e+00 7.069849263606114894e-06 5.948817671568802903e-06
2.540000000000000036e+00 6.956901310095678439e-06 5.816056725180651514e-06
2.544999999999999929e+00 6.846553127285409155e-06 5.936564700051669332e-06
2.549999999999999822e+00 6.738737658377903303e-06 5.183006951747895879e-06
2.555000000000000160e+00 6.633369933195131802e-06 4.948178752622013048e-06
2.560000000000000053e+00 6.530370831183595179e-06 5.236123583274674400e-06
2.564999999999999947e+00 6.429686808403874666e-06 4.739878236830727103e-06
2.569999999999999840e+00 6.331297568592676068e-06 4.337551917065615141e-06
2.575000000000000178e+00 6.235209197408265055e-06 4.155779084608925235e-06
2.580000000000000071e+00 6.141436536301272416e-06 4.051628826713281840e-06
2.584999999999999964e+00 6.049982874428452152e-06 4.280391804938183058e-06
2.589999999999999858e+00 5.960825684195305635e-06 4.135377887032896405e-06
2.595000000000000195e+00 5.873914055734180682e-06 3.976089257310148130e-06
2.600000000000000089e+00 5.789178207896430873e-06 3.994468714585849756e-06
2.604999999999999982e+00 5.706546325664855357e-06 3.720798595750650025e-06
2.609999999999999876e+00 5.625961157100524628e-06 3.204152051730673474e-06
2.615000000000000213e+00 5.547389357047937686e-06 3.189877339913211852e-06
2.620000000000000107e+00 5.470820060723032109e-06 3.614626597554679425e-06
2.625000000000000000e+00 5.396253954458013531e-06 2.787551020148100314e-06
2.629999999999999893e+00 5.323688075745627433e-06 3.628901309372141047e-06
2.634999999999999787e+00 5.253103080387060067e-06 3.675891455140351936e-06
2.640000000000000124e+00 5.184458261065409766e-06 2.877426566226281664e-06
2.645000000000000018e+00 5.117695979053769717e-06 2.997873276239714310e-06
2.649999999999999911e+00 5.052753050409134573e-06 3.136760708386433754e-06
2.654999999999999805e+00 4.989573799796964811e-06 3.394073110246258216e-06
2.660000000000000142e+00 4.928119095295733724e-06 3.153118425361808176e-06
2.665000000000000036e+00 4.868367738302187809e-06 3.757557510302053278e-06
2.669999999999999929e+00 4.810310079172401864e-06 3.298071078409509657e-06
2.674999999999999822e+00 4.753937077778034546e-06 3.383841879029451003e-06
2.680000000000000160e+00 4.699229797393175996e-06 3.406326081763393057e-06
2.685000000000000053e+00 4.646153838668927464e-06 3.200047306272433469e-06
2.689999999999999947e+00 4.594660823635955835e-06 3.579889423303603377e-06
2.694999999999999840e+00 4.544695870817198255e-06 3.408347822063720261e-06
2.700000000000000178e+00 4.496207474495931908e-06 3.514581085117276034e-06
2.705000000000000071e+00 4.449155371180035689e-06 3.829053599104533426e-06
2.709999999999999964e+00 4.403513107761606780e-06 3.818822367887726213e-06
2.714999999999999858e+00 4.359264517451725907e-06 3.876043744872744739e-06
2.720000000000000195e+00 4.316396002926450314e-06 3.933203857000176822e-06
2.725000000000000089e+00 4.274888239145578432e-06 3.959731540334772861e-06
2.729999999999999982e+00 4.234710950469129619e-06 4.251781116445674218e-06
2.734999999999999876e+00 4.195822863213353362e-06 3.953605054576205652e-06
2.740000000000000213e+00 4.158176552667800691e-06 4.327320685848807928e-06
2.745000000000000107e+00 4.121725779744610025e-06 4.188494518559674079e-06
2.750000000000000000e+00 4.086431961509241036e-06 4.096597232181165948e-06
2.754999999999999893e+00 4.052266993188669978e-06 4.617348521659382081e-06
2.759999999999999787e+00 4.019211400934123444e-06 4.678613379245055015e-06
2.765000000000000124e+00 3.987248915307811992e-06 4.551978918615469142e-06
2.770000000000000018e+00 3.956360067846364662e-06 4.502967032546931471e-06
2.774999999999999911e+00 3.926517694229417640e-06 4.884830889878428160e-06
2.779999999999999805e+00 3.897686221269044623e-06 4.678613379245055015e-06
2.785000000000000142e+00 3.869824835969525110e-06 5.225892352057867187e-06
2.790000000000000036e+00 3.842892911906666072e-06 5.377032755721721049e-06
2.794999999999999929e+00 3.816855160682201830e-06 5.074751948394013325e-06
2.799999999999999822e+00 3.791684241948074192e-06 5.156479268413300686e-06
2.805000000000000160e+00 3.767359822688689743e-06 5.095214410827627752e-06
2.810000000000000053e+00 3.743864712571151942e-06 5.305536666919240901e-06
2.814999999999999947e+00 3.721179968641598886e-06 5.252420035392464073e-06
2.819999999999999840e+00 3.699281215160384453e-06 4.741899977131054307e-06
2.825000000000000178e+00 3.678137755035083934e-06 5.180985211447568674e-06
2.830000000000000071e+00 3.657714712309100687e-06 5.315767898136048961e-06
2.834999999999999964e+00 3.637977074625598414e-06 4.743921717431381511e-06
2.839999999999999858e+00 3.618893716313859014e-06 4.635727978935083707e-06
2.845000000000000195e+00 3.600439599079573709e-06 5.109489122645089374e-06
2.850000000000000089e+00 3.582595267421745006e-06 5.262651266609271287e-06
2.854999999999999982e+00 3.565344022858359267e-06 5.805886758821429050e-06
2.859999999999999876e+00 3.548668185561734575e-06 4.723520519855351834e-06
2.865000000000000213e+00 3.532546184939680867e-06 5.189133437506463935e-06
2.870000000000000107e+00 3.516951748639536813e-06 4.874660923519206542e-06
2.875000000000000000e+00 3.501855438896370724e-06 4.809291320475293603e-06
2.879999999999999893e+00 3.487227707573150845e-06 4.856281466243504916e-06
2.884999999999999787e+00 3.473041998375860836e-06 5.133995065679358209e-06
2.890000000000000124e+00 3.459276485322521134e-06 4.670403888328574159e-06
2.895000000000000018e+00 3.445913735540329378e-06 4.705141062579650207e-06
2.899999999999999911e+00 3.432938569546366563e-06 4.576484861649738824e-06
2.904999999999999805e+00 3.420335198935928299e-06 4.688783345604275786e-06
2.910000000000000142e+00 3.408084991027045664e-06 4.664277402570006950e-06
2.915000000000000036e+00 3.396165847869232489e-06 4.264034087962807789e-06
2.919999999999999929e+00 3.384553392596200741e-06 4.844028494726369652e-06
2.924999999999999822e+00 3.373223316604029396e-06 4.690866350762188586e-06
2.930000000000000160e+00 3.362153744188979082e-06 4.756174688948515929e-06
2.935000000000000053e+00 3.351326527117697962e-06 4.762301174707083138e-06
2.939999999999999947e+00 3.340726934877737600e-06 4.355931374341316767e-06
2.944999999999999840e+00 3.330341975507165232e-06 4.694909831362842994e-06
2.950000000000000178e+00 3.320158200496462933e-06 4.396795034350960871e-06
2.955000000000000071e+00 3.310160037598650135e-06 4.596886059225767654e-06
2.959999999999999964e+00 3.300329392428003503e-06 4.797038348958159186e-06
2.964999999999999858e+00 3.290646630312433873e-06 4.192537999160329335e-06
2.970000000000000195e+00 3.281092403448366610e-06 4.421300977385229706e-06
2.975000000000000089e+00 3.271649426045200305e-06 4.102723717939732310e-06
2.979999999999999982e+00 3.262303374952019127e-06 4.002616940644743322e-06
2.984999999999999876e+00 3.253042546753851265e-06 3.843328310921995048e-06
2.990000000000000213e+00 3.243856502629929881e-06 4.398816774651288076e-06
2.995000000000000107e+00 3.234734391298548675e-06 4.288540030997077471e-06
3.000000000000000000e+00 3.225663751373172430e-06 3.682017940898919569e-06
3.004999999999999893e+00 3.216630324488236708e-06 4.480482829812988994e-06
3.009999999999999787e+00 3.207618906873203910e-06 3.639132540588948260e-06
3.015000000000000124e+00 3.198614778620470474e-06 4.431470943744451324e-06
3.020000000000000018e+00 3.189605005145087186e-06 3.559488225727574546e-06
3.024999999999999911e+00 3.180579005876827391e-06 4.070008283988984313e-06
3.029999999999999805e+00 3.171528164692470751e-06 4.417196231926989702e-06
3.035000000000000142e+00 3.162444720803592449e-06 3.698375657874293567e-06
3.040000000000000036e+00 3.153320504144465067e-06 4.145609118249703618e-06
3.044999999999999929e+00 3.144146119886263070e-06 3.804547656070264591e-06
3.049999999999999822e+00 3.134910939244132071e-06 3.475739165407959558e-06
3.055000000000000160e+00 3.125603851455473203e-06 3.481865651166527190e-06
3.060000000000000053e+00 3.116214373949580113e-06 3.949561573975551244e-06
3.064999999999999947e+00 3.106733571509174967e-06 3.586015909062170586e-06
3.069999999999999840e+00 3.097154358113598549e-06 3.726925081509217234e-06
3.075000000000000178e+00 3.087471073506357222e-06 3.565614711486141755e-06
3.080000000000000071e+00 3.077678577776508866e-06 4.241549885228867005e-06
3.084999999999999964e+00 3.067771322214846127e-06 3.449211482073363518e-06
3.089999999999999858e+00 3.057742838696264187e-06 3.469612679649392772e-06
3.095000000000000195e+00 3.047585863738885385e-06 3.159244911120375808e-06
3.100000000000000089e+00 3.037292997317096552e-06 3.116359510810404500e-06
3.104999999999999982e+00 3.026857546826891912e-06 3.347082964478047750e-06
3.109999999999999876e+00 3.016274139010509696e-06 3.071391105342521238e-06
3.115000000000000213e+00 3.005538818951870062e-06 3.185772594454971848e-06
3.120000000000000107e+00 2.994648618170302811e-06 3.087748822317895660e-06
3.125000000000000000e+00 2.983600829698825950e-06 2.765066817414158683e-06
3.129999999999999893e+00 2.972392354259252346e-06 2.912102475619772540e-06
3.134999999999999787e+00 2.961019425145268857e-06 3.018335738673328736e-06
3.140000000000000124e+00 2.949477818218840376e-06 3.067347624741866830e-06
3.145000000000000018e+00 2.937763413107256191e-06 2.675252536193562505e-06
3.149999999999999911e+00 2.925872810556854345e-06 2.940713164112281803e-06
3.154999999999999805e+00 2.913803702049634477e-06 3.085727082017568456e-06
3.160000000000000142e+00 2.901554826360129737e-06 2.779402794089205901e-06
3.165000000000000036e+00 2.889125557783733183e-06 3.077517591101088447e-06
3.169999999999999929e+00 2.876515346237433801e-06 3.016252733515415513e-06
3.174999999999999822e+00 2.863723287346540325e-06 2.466952020402276136e-06
3.180000000000000160e+00 2.850748020043034565e-06 2.340317559772691110e-06
3.185000000000000053e+00 2.837587977720789099e-06 2.859047108950580462e-06
3.189999999999999947e+00 2.824241845559908325e-06 2.697675474069918963e-06
3.194999999999999840e+00 2.810708985754398378e-06 2.712011450744966181e-06
3.200000000000000178e+00 2.796989623208641807e-06 2.848815877733772825e-06
3.205000000000000071e+00 2.783084714229040579e-06 2.910080735319445336e-06
3.209999999999999964e+00 2.768995580252807293e-06 2.722181417104187798e-06
3.214999999999999858e+00 2.754723497992297053e-06 2.481226732219737758e-06
3.220000000000000195e+00 2.740269446248251978e-06 2.164671213074567566e-06
3.225000000000000089e+00 2.725634120045848516e-06 2.924355447136906958e-06
3.229999999999999982e+00 2.710818184759073076e-06 2.616009418908217198e-06
3.234999999999999876e+00 2.695822627185329229e-06 2.703801959828486172e-06
3.240000000000000213e+00 2.680649022425431997e-06 2.356675276748065108e-06
3.245000000000000107e+00 2.665299588652343600e-06 2.315811616738421428e-06
3.250000000000000000e+00 2.649777014411166597e-06 2.299453899763047429e-06
3.254999999999999893e+00 2.634084155835841654e-06 2.066647440937491379e-06
3.259999999999999787e+00 2.618223758623393990e-06 2.089131643671433433e-06
3.265000000000000124e+00 2.602198337078272671e-06 1.997234357292924878e-06
3.270000000000000018e+00 2.586010256338554234e-06 2.326042847955229064e-06
3.274999999999999911e+00 2.569661960690306241e-06 2.111615846405375064e-06
3.279999999999999805e+00 2.553156222709700300e-06 2.064625700637164598e-06
3.285000000000000142e+00 2.536496286198204501e-06 2.117742332163942696e-06
3.290000000000000036e+00 2.519685836979313727e-06 2.170797698833134775e-06
3.294999999999999929e+00 2.502728825210227268e-06 1.997234357292924878e-06
3.299999999999999822e+00 2.485629234690120019e-06 2.138143529739971527e-06
3.305000000000000160e+00 2.468390914328178491e-06 1.946200730924059580e-06
3.310000000000000053e+00 2.451017548215187489e-06 1.968623668800415615e-06
3.314999999999999947e+00 2.433512766765251929e-06 1.699058295423456524e-06
3.319999999999999840e+00 2.415880331267314215e-06 2.040119757602895340e-06
3.325000000000000178e+00 2.398124292484616336e-06 1.603117528444293349e-06
3.330000000000000071e+00 2.380249043804352458e-06 1.646002928754264022e-06
3.334999999999999964e+00 2.362259247459789283e-06 1.915568302131223113e-06
3.339999999999999858e+00 2.344159677019280258e-06 2.040119757602895340e-06
3.345000000000000195e+00 2.325955057984847927e-06 1.831819241811608759e-06
3.350000000000000089e+00 2.307649983501057984e-06 1.790955581801965291e-06
3.354999999999999982e+00 2.289248939278006170e-06 1.897188844855521275e-06
3.359999999999999876e+00 2.270756414946310715e-06 1.893084099397281271e-06
3.365000000000000213e+00 2.252177037581738668e-06 1.878809387579819649e-06
3.370000000000000107e+00 2.233515656715279007e-06 1.672530612088860273e-06
3.375000000000000000e+00 2.214777339522822212e-06 1.929843013948684735e-06
3.379999999999999893e+00 2.195967282830601702e-06 1.764427898467369040e-06
3.384999999999999787e+00 2.177090689748746930e-06 1.931864754249011939e-06
3.390000000000000124e+00 2.158152673001264297e-06 1.533643179942140617e-06
3.395000000000000018e+00 2.139158229132004348e-06 1.705184781182023521e-06
3.399999999999999911e+00 2.120112289016301826e-06 1.803208553319099708e-06
3.404999999999999805e+00 2.101019811456868666e-06 1.790955581801965291e-06
3.410000000000000142e+00 2.081885867503064308e-06 1.637793437837783801e-06
3.415000000000000036e+00 2.062715671711817641e-06 1.547979156617187835e-06
3.419999999999999929e+00 2.043514546532244203e-06 2.007465588509732091e-06
3.424999999999999822e+00 2.024287840698929001e-06 1.721542498157398367e-06
3.430000000000000160e+00 2.005040844134431121e-06 1.905337070914415900e-06
3.435000000000000053e+00 1.985778740459152493e-06 1.566358613892889673e-06
3.439999999999999947e+00 1.966506616193533481e-06 2.050350988819702553e-06
3.444999999999999840e+00 1.947229515748458417e-06 1.770554384225936248e-06
3.450000000000000178e+00 1.927952509068449154e-06 1.780785615442743673e-06
3.455000000000000071e+00 1.908680734969896166e-06 1.580633325710351506e-06
3.459999999999999964e+00 1.889419398356075208e-06 1.711311266940590942e-06
3.464999999999999858e+00 1.870173724509964742e-06 1.639876442995696601e-06
3.470000000000000195e+00 1.850948895159432091e-06 1.707267786339936533e-06
3.475000000000000089e+00 1.831749998361899982e-06 1.786912101201310882e-06
3.479999999999999982e+00 1.812582014816910334e-06 1.811418044235579929e-06
3.484999999999999876e+00 1.793449843049201095e-06 1.754196667250561615e-06
3.490000000000000213e+00 1.774358346059280868e-06 1.678657097847427270e-06
3.495000000000000107e+00 1.755312392558043101e-06 2.068730446095404603e-06
3.500000000000000000e+00 1.736316870801014283e-06 1.541852670858620838e-06
3.504999999999999893e+00 1.717376668716327002e-06 1.682761843305667486e-06
3.509999999999999787e+00 1.698496631674483949e-06 1.848176958786983393e-06
3.515000000000000124e+00 1.679681519747353019e-06 1.768532643925609044e-06
3.520000000000000018e+00 1.660935984866307115e-06 1.888979353939041266e-06
3.524999999999999911e+00 1.642264576582229662e-06 1.770554384225936248e-06
3.529999999999999805e+00 1.623671769922469905e-06 1.646002928754264022e-06
3.535000000000000142e+00 1.605161998155851842e-06 2.085026898213193429e-06
3.540000000000000036e+00 1.586739672204064538e-06 2.134038784281731099e-06
3.544999999999999929e+00 1.568409176759594718e-06 2.042141497903222544e-06
3.549999999999999822e+00 1.550174845891938944e-06 1.739921955433099993e-06
3.555000000000000160e+00 1.532040931199520558e-06 1.968623668800415615e-06
3.560000000000000053e+00 1.514011578343255969e-06 1.682761843305667486e-06
3.564999999999999947e+00 1.496090822263257750e-06 1.821588010594801546e-06
3.569999999999999840e+00 1.478282601033359954e-06 1.686805323906321895e-06
3.575000000000000178e+00 1.460590778830207109e-06 1.625540466320649384e-06
3.580000000000000071e+00 1.443019164662733029e-06 2.025845045785433718e-06
3.584999999999999964e+00 1.425571516823788212e-06 1.511220242065784582e-06
3.589999999999999858e+00 1.408251531205289839e-06 1.697036555123129108e-06
3.595000000000000195e+00 1.391062820071944149e-06 1.650046409354918430e-06
3.600000000000000089e+00 1.374008892261496393e-06 1.937991240007579148e-06
3.604999999999999982e+00 1.357093144167211299e-06 1.744026700891339997e-06
3.609999999999999876e+00 1.340318864584331537e-06 1.707267786339936533e-06
3.615000000000000213e+00 1.323689249173730049e-06 1.635771697537456597e-06
3.620000000000000107e+00 1.307207415762513098e-06 1.611265754503187762e-06
3.625000000000000000e+00 1.290876412056622230e-06 1.846093953629070381e-06
3.629999999999999893e+00 1.274699211991065019e-06 1.940074245165492372e-06
3.634999999999999787e+00 1.258678703137301551e-06 1.558149122976409664e-06
3.640000000000000124e+00 1.242817672009964846e-06 1.413196469928708395e-06
3.645000000000000018e+00 1.227118794642496790e-06 1.737900215132772788e-06
3.649999999999999911e+00 1.211584636493733741e-06 1.668425866630620268e-06
3.654999999999999805e+00 1.196217660634528033e-06 1.474461327514380906e-06
3.660000000000000142e+00 1.181020239031758273e-06 1.613287494803514754e-06
3.665000000000000036e+00 1.165994660639849579e-06 1.725647243615638371e-06
3.669999999999999929e+00 1.151143132236762493e-06 1.451977124780439064e-06
3.674999999999999822e+00 1.136467772066630182e-06 1.068030262291029363e-06
3.680000000000000160e+00 1.121970600083860801e-06 1.484631293873602523e-06
3.685000000000000053e+00 1.107653530043282102e-06 1.345805126584468463e-06
3.689999999999999947e+00 1.093518367299260783e-06 1.276330778082315732e-06
3.694999999999999840e+00 1.079566812924294741e-06 1.547979156617187835e-06
3.700000000000000178e+00 1.065800471476894521e-06 1.325342664150853825e-06
3.705000000000000071e+00 1.052220858135515237e-06 1.333552155067334046e-06
3.709999999999999964e+00 1.038829401655427890e-06 1.404986979012228174e-06
3.714999999999999858e+00 1.025627442108062761e-06 1.243676608989152483e-06
3.720000000000000195e+00 1.012616225178205715e-06 1.045607324414673117e-06
3.725000000000000089e+00 9.997968964406232660e-07 1.384585781436199344e-06
3.729999999999999982e+00 9.871704987679602755e-07 1.280435523540555948e-06
3.734999999999999876e+00 9.747379741471415488e-07 1.151779322610643717e-06
3.740000000000000213e+00 9.625001688154223891e-07 9.802377213707606011e-07
3.745000000000000107e+00 9.504578390375607213e-07 9.393740613611170264e-07
3.750000000000000000e+00 9.386116547844517474e-07 1.027227867138971279e-06
3.754999999999999893e+00 9.269621999341722754e-07 1.078261493507836788e-06
3.759999999999999787e+00 9.155099695655930324e-07 1.047629064715000533e-06
3.765000000000000124e+00 9.042553663901342142e-07 9.618582640950587630e-07
3.770000000000000018e+00 8.931986986484091403e-07 1.021101381380404282e-06
3.774999999999999911e+00 8.823401808490995648e-07 6.616604619252634163e-07
3.779999999999999805e+00 8.716799371519045766e-07 9.128463780265207753e-07
3.785000000000000142e+00 8.612180058682529170e-07 9.638800043953859673e-07
3.790000000000000036e+00 8.509543431377611850e-07 9.005934065093862519e-07
3.794999999999999929e+00 8.408888244662123109e-07 7.249470598112631317e-07
3.799999999999999822e+00 8.310212440602779868e-07 1.355975092943690081e-06
3.805000000000000160e+00 8.213513130602683839e-07 1.135421605635269083e-06
3.810000000000000053e+00 8.118786582584033788e-07 7.209035792106087231e-07
3.814999999999999947e+00 8.026028225078310000e-07 6.453027449498887826e-07
3.819999999999999840e+00 7.935232670560730718e-07 5.309825206950238752e-07
3.825000000000000178e+00 7.846393750344249803e-07 8.924451804504918389e-07
3.830000000000000071e+00 7.759504548244114657e-07 8.209490916480120087e-07
3.834999999999999964e+00 7.674557422221371736e-07 6.718916931420707354e-07
3.839999999999999858e+00 7.591544010609447038e-07 5.126030634193221430e-07
3.845000000000000195e+00 7.510455227979493473e-07 5.330042609953509736e-07
3.850000000000000089e+00 7.431281260726141123e-07 6.984193764766668806e-07
3.854999999999999982e+00 7.354011571773470426e-07 7.351782910280704508e-07
3.859999999999999876e+00 7.278634918304672776e-07 4.778658891682457771e-07
3.865000000000000213e+00 7.205139379413934487e-07 7.351782910280704508e-07
3.870000000000000107e+00 7.133512385840745957e-07 7.025241219349069910e-07
3.875000000000000000e+00 7.063740743717120443e-07 8.822139492336845198e-07
3.879999999999999893e+00 6.995810648228008864e-07 1.037397833498193108e-06
3.884999999999999787e+00 6.929707688796933968e-07 8.045913746726373750e-07
3.890000000000000124e+00 6.865416851735146229e-07 4.758441488679185728e-07
3.895000000000000018e+00 6.802922527121782368e-07 9.414570665190299325e-07
3.899999999999999911e+00 6.742208523917679633e-07 8.066743798305502810e-07
3.904999999999999805e+00 6.683258092732366761e-07 7.739589458798011194e-07
3.910000000000000142e+00 6.626053951812233343e-07 7.147770934520414085e-07
3.915000000000000036e+00 6.570578310625536500e-07 6.249015473738598461e-07
3.919999999999999929e+00 6.516812887252110109e-07 5.084983179610820327e-07
3.924999999999999822e+00 6.464738919404675874e-07 6.045003497978309097e-07
3.930000000000000160e+00 6.414337172267926786e-07 2.369112042837956843e-07
3.935000000000000053e+00 6.365587947723696365e-07 5.023718322025147180e-07
3.939999999999999947e+00 6.318471098406455031e-07 7.494530028455321785e-07
3.944999999999999840e+00 6.272966047223625898e-07 3.778203767308424916e-07
3.950000000000000178e+00 6.229051810096711572e-07 4.084528055236788000e-07
3.955000000000000071e+00 6.186707018231573340e-07 7.086506076934741997e-07
3.959999999999999964e+00 6.145909936825406860e-07 6.290062928320998506e-07
3.964999999999999858e+00 6.106638479260552670e-07 6.984193764766668806e-07
3.970000000000000195e+00 6.068870218264694193e-07 2.715871136772863484e-07
3.975000000000000089e+00 6.032582396945890739e-07 6.494074904081288929e-07
3.979999999999999982e+00 5.997751942391408776e-07 2.675436330766319398e-07
3.984999999999999876e+00 5.964355482919029155e-07 2.389329445841228886e-07
3.990000000000000213e+00 5.932369368047689013e-07 5.330042609953509736e-07
3.995000000000000107e+00 5.901769688899754739e-07 6.330497734327542592e-07
4.000000000000000000e+00 5.872532296701935722e-07 7.392830364863104553e-07
4.004999999999999893e+00 5.844632818218992273e-07 3.349349764208717126e-07
4.009999999999999787e+00 5.818046668616475150e-07 5.003500919021876196e-07
4.014999999999999680e+00 5.792749063496878450e-07 3.839468624894098062e-07
4.019999999999999574e+00 5.768715032076355183e-07 4.758441488679185728e-07
4.025000000000000355e+00 5.745919432643719723e-07 5.309825206950238752e-07
4.030000000000000249e+00 5.724336970093708994e-07 6.003956043395909052e-07
4.035000000000000142e+00 5.703942214202173595e-07 2.736701188351992015e-07
4.040000000000000036e+00 5.684709616977548777e-07 2.062787754909594287e-07
4.044999999999999929e+00 5.666613527984199272e-07 3.900733482479770149e-07
4.049999999999999822e+00 5.649628207617617270e-07 5.330042609953509736e-07
4.054999999999999716e+00 5.633727839307491627e-07 4.615081721928712493e-07
4.059999999999999609e+00 5.618886542020254033e-07 5.146248037196493473e-07
4.065000000000000391e+00 5.605078384073424061e-07 1.388874321467196295e-07
4.070000000000000284e+00 5.592277398412907151e-07 4.104745458240060043e-07
4.075000000000000178e+00 5.580457598634983866e-07 2.491641758009302077e-07
4.080000000000000071e+00 5.569592994612911559e-07 4.798876294685729814e-07
4.084999999999999964e+00 5.559657606797048110e-07 3.757373715729296385e-07
4.089999999999999858e+00 5.550625478934516993e-07 6.207968019156197358e-07
4.094999999999999751e+00 5.542470689705322386e-07 3.410614621794390272e-07
4.099999999999999645e+00 5.535167364195988547e-07 7.209035792106087231e-07
4.105000000000000426e+00 5.528689686033422189e-07 4.329587485579477939e-07
4.110000000000000320e+00 5.523011910475594920e-07 5.554884637292929220e-07
4.115000000000000213e+00 5.518108378113995232e-07 4.043480600654386897e-07
4.120000000000000107e+00 5.513953528433487790e-07 5.064765776607548284e-07
4.125000000000000000e+00 5.510521912495567724e-07 7.004411167769940849e-07
4.129999999999999893e+00 5.507788204415905887e-07 3.982215743068714809e-07
4.134999999999999787e+00 5.505727211851609886e-07 3.328519712629588595e-07
4.139999999999999680e+00 5.504313886098519614e-07 6.555339761666961017e-07
4.144999999999999574e+00 5.503523332432689682e-07 5.084983179610820327e-07
4.150000000000000355e+00 5.503330821022770992e-07 4.370022291586022025e-07
4.155000000000000249e+00 5.503711798281531251e-07 3.982215743068714809e-07
4.160000000000000142e+00 5.504641898170949605e-07 5.248560349364566664e-07
4.165000000000000036e+00 5.506096952906752217e-07 4.288540030997077365e-07
4.169999999999999929e+00 5.508053002739421457e-07 7.576624937620122933e-07
4.174999999999999822e+00 5.510486304873314142e-07 3.083460282286898657e-07
4.179999999999999716e+00 5.513373341906219353e-07 4.982670867442747136e-07
4.184999999999999609e+00 5.516690830261800131e-07 5.779114016056489568e-07
4.190000000000000391e+00 5.520415728916296523e-07 5.330042609953509736e-07
4.195000000000000284e+00 5.524525248400281412e-07 8.495597801405210599e-07
4.200000000000000178e+00 5.528996859769869158e-07 5.799944067635619688e-07
4.205000000000000071e+00 5.533808303141043702e-07 8.434332943819537453e-07
4.209999999999999964e+00 5.538937595506122015e-07 5.738679210049946541e-07
4.214999999999999858e+00 5.544363037818233909e-07 7.535577483037721830e-07
4.219999999999999751e+00 5.550063221583572997e-07 3.533144336965735506e-07
4.224999999999999645e+00 5.556017035305780060e-07 3.369567167211989169e-07
4.230000000000000426e+00 5.562203671036975270e-07 7.045458622352341953e-07
4.235000000000000320e+00 5.568602631068840958e-07 4.594864318925439920e-07
4.240000000000000213e+00 5.575193734574635763e-07 6.085438303984853183e-07
4.245000000000000107e+00 5.581957123910165790e-07 5.023718322025147180e-07
4.250000000000000000e+00 5.588873270345464922e-07 6.841446646592051529e-07
4.254999999999999893e+00 5.595922979182398484e-07 6.596387216249361061e-07
4.259999999999999787e+00 5.603087394407605798e-07 4.778658891682457771e-07
4.264999999999999680e+00 5.610348003128647844e-07 5.534054585713800159e-07
4.269999999999999574e+00 5.617686639997244013e-07 8.393285489237136350e-07
4.275000000000000355e+00 5.625085491672031422e-07 5.411524870542454925e-07
4.280000000000000249e+00 5.632527101205097611e-07 4.880971203850530962e-07
4.285000000000000142e+00 5.639994372145367071e-07 4.880971203850530962e-07
4.290000000000000036e+00 5.647470572181768303e-07 5.105200582614092370e-07
4.294999999999999929e+00 5.654939336274805677e-07 6.575557164670233060e-07
4.299999999999999822e+00 5.662384669370364059e-07 6.780181789006379442e-07
4.304999999999999716e+00 5.669790948873063012e-07 7.249470598112631317e-07
4.309999999999999609e+00 5.677142927037060235e-07 6.963976361763397822e-07
4.315000000000000391e+00 5.684425733328324807e-07 5.677414352464273395e-07
4.320000000000000284e+00 5.691624876687915571e-07 7.167988337523686128e-07
4.325000000000000178e+00 5.698726247550996402e-07 7.678324601212338048e-07
4.330000000000000071e+00 5.705716119488855098e-07 8.556862658990883746e-07
4.334999999999999964e+00 5.712581150427503213e-07 9.250993495436552987e-07
4.339999999999999858e+00 5.719308383503192042e-07 9.087416325682806650e-07
4.344999999999999751e+00 5.725885247681724991e-07 5.472789728128127013e-07
4.349999999999999645e+00 5.732299558260948229e-07 7.555794886040993873e-07
4.355000000000000426e+00 5.738539517304279091e-07 8.760874634751173110e-07
4.360000000000000320e+00 5.744593713962215432e-07 8.638344919579826818e-07
4.365000000000000213e+00 5.750451124580622437e-07 4.370022291586022025e-07
4.370000000000000107e+00 5.756101112499030781e-07 7.821684367962812342e-07
4.375000000000000000e+00 5.761533427501945630e-07 7.065676025355612937e-07
4.379999999999999893e+00 5.766738204963634527e-07 9.250993495436552987e-07
4.384999999999999787e+00 5.771705964777493636e-07 7.658107198209067063e-07
4.389999999999999680e+00 5.776427610158837600e-07 6.514292307084559913e-07
4.394999999999999574e+00 5.780894426360125269e-07 7.944214083134157576e-07
4.400000000000000355e+00 5.785098079272103843e-07 7.841901770966084385e-07
4.405000000000000249e+00 5.789030613840815465e-07 7.454095222448777699e-07
4.410000000000000142e+00 5.792684452231760248e-07 7.800854316383684340e-07
4.415000000000000036e+00 5.796052391714271612e-07 7.555794886040993873e-07
4.419999999999999929e+00 5.799127602294785523e-07 5.758896613053218584e-07
4.424999999999999822e+00 5.801903624164913400e-07 6.881881452598595615e-07
4.429999999999999716e+00 5.804374365029586794e-07 7.699154652791467108e-07
4.434999999999999609e+00 5.806534097345534102e-07 5.962908588813507949e-07
4.440000000000000391e+00 5.808377455453485354e-07 6.351327785906672711e-07
4.445000000000000284e+00 5.809899432556046540e-07 6.146703161570525270e-07
4.450000000000000178e+00 5.811095377493728094e-07 8.495597801405210599e-07
4.455000000000000071e+00 5.811960991301137636e-07 7.944214083134157576e-07
4.459999999999999964e+00 5.812492323564916170e-07 6.003956043395909052e-07
4.464999999999999858e+00 5.812685768631438174e-07 5.779114016056489568e-07
4.469999999999999751e+00 5.812538061711842824e-07 7.678324601212338048e-07
4.474999999999999645e+00 5.812046274907042840e-07 8.209490916480120087e-07
4.480000000000000426e+00 5.811207813142191860e-07 7.372000313283975492e-07
4.485000000000000320e+00 5.810020409978034517e-07 6.003956043395909052e-07
4.490000000000000213e+00 5.808482123267230432e-07 8.699609777165499964e-07
4.495000000000000107e+00 5.806591330644842918e-07 5.452572325124856029e-07
4.500000000000000000e+00 5.804346724870029402e-07 6.861664049595323572e-07
4.504999999999999893e+00 5.801747309054254850e-07 1.035376093197865692e-06
4.509999999999999787e+00 5.798792391810461133e-07 5.126030634193221430e-07
4.514999999999999680e+00 5.795481582339730655e-07 3.001978021697954526e-07
4.519999999999999574e+00 5.791814785448708213e-07 5.207512894782165561e-07
4.525000000000000355e+00 5.787792196476062109e-07 5.942691185810235906e-07
4.530000000000000249e+00 5.783414296107373023e-07 4.656129176511112537e-07
4.535000000000000142e+00 5.778681845072984107e-07 3.900733482479770149e-07
4.540000000000000036e+00 5.773595878742747052e-07 6.616604619252634163e-07
4.544999999999999929e+00 5.768157701643747450e-07 5.391307467539183941e-07
4.549999999999999822e+00 5.762368881925814813e-07 6.310280331324271608e-07
4.554999999999999716e+00 5.756231245786718052e-07 5.248560349364566664e-07
4.559999999999999609e+00 5.749746871852789030e-07 3.634844000557951151e-07
4.565000000000000391e+00 5.742918085500856258e-07 5.472789728128127013e-07
4.570000000000000284e+00 5.735747453108776889e-07 5.922473782806963863e-07
4.575000000000000178e+00 5.728237776232796715e-07 2.124052612495266904e-07
4.580000000000000071e+00 5.720392085723285337e-07 1.225297151713450751e-07
4.584999999999999964e+00 5.712213635798266864e-07 6.371545188909943695e-07
4.589999999999999858e+00 5.703705898092517942e-07 4.268322627993805322e-07
4.594999999999999751e+00 5.694872555690663218e-07 5.983738640392635950e-07
4.599999999999999645e+00 5.685717497141679482e-07 3.594409194551407594e-07
4.605000000000000426e+00 5.676244810445925249e-07 4.717394034096785154e-07
4.610000000000000320e+00 5.666458777007455739e-07 2.511859161012573590e-07
4.615000000000000213e+00 5.656363865552198208e-07 3.288084906623045039e-07
4.620000000000000107e+00 5.645964726021569666e-07 4.104745458240060043e-07
4.625000000000000000e+00 5.635266183455924913e-07 8.166605516170148726e-08
4.629999999999999893e+00 5.624273231880523436e-07 6.126485758567253426e-10
4.634999999999999787e+00 5.612991028199968750e-07 2.287017133673155695e-07
4.639999999999999680e+00 5.601424886099652708e-07 3.492096882383334403e-07
4.644999999999999574e+00 5.589580269948916106e-07 2.225752276087483078e-07
4.650000000000000355e+00 5.577462788702230413e-07 4.247492576414676791e-07
4.655000000000000249e+00 5.565078189800329730e-07 5.595319443299472247e-07
4.660000000000000142e+00 5.552432353079140752e-07 6.453027449498887826e-07
4.665000000000000036e+00 5.539531284697152637e-07 7.149608880247985666e-08
4.669999999999999929e+00 5.526381111090192622e-07 7.149608880247985666e-08
4.674999999999999822e+00 5.512988072957771622e-07 1.572668894224214145e-07
4.679999999999999716e+00 5.499358519280260762e-07 2.899665709529880806e-07
4.684999999999999609e+00 5.485498901363979767e-07 2.940713164112281380e-07
4.690000000000000391e+00 5.471415766912757252e-07 2.695653733769591971e-07
4.695000000000000284e+00 5.457115754128418237e-07 1.327609463881523678e-07
4.700000000000000178e+00 5.442605585846519885e-07 3.265416909316334074e-08
4.705000000000000071e+00 5.427892063715140871e-07 6.126485758567253426e-10
4.709999999999999964e+00 5.412982062422973351e-07 5.311663152677815098e-08
4.714999999999999858e+00 5.397882523979600637e-07 3.473717425107632618e-08
4.719999999999999751e+00 5.382600452047640821e-07 4.533599461339767833e-07
4.724999999999999645e+00 5.367142906325317439e-07 3.265416909316334074e-08
4.730000000000000426e+00 5.351516996979306838e-07 1.225297151713450751e-07
4.735000000000000320e+00 5.335729879130384284e-07 1.470356582056140690e-07
4.740000000000000213e+00 5.319788747396802775e-07 4.513382058336495790e-07
4.745000000000000107e+00 5.303700830500954745e-07 2.879448306526609292e-07
4.750000000000000000e+00 5.287473385943593117e-07 3.473717425107632618e-08
4.754999999999999893e+00 5.271113694747498465e-07 1.041502578956433033e-07
4.759999999999999787e+00 5.254629056270549947e-07 2.715871136772863484e-07
4.764999999999999680e+00 5.238026783087602831e-07 4.104745458240072286e-09
4.769999999999999574e+00 5.221314195941645916e-07 1.858163130573447905e-07
4.775000000000000355e+00 5.204498618766479227e-07 3.001978021697954526e-07
4.780000000000000249e+00 5.187587373784560601e-07 3.512314285386606446e-07
4.785000000000000142e+00 5.170587776683844439e-07 3.349349764208717126e-07
4.790000000000000036e+00 5.153507131876402554e-07 1.837945727570176127e-07
4.794999999999999929e+00 5.136352727839992837e-07 1.919427988159120522e-07
4.799999999999999822e+00 5.119131832542617031e-07 1.633933751809886498e-07
4.804999999999999716e+00 5.101851688949877037e-07 1.122984839545377560e-07
4.809999999999999609e+00 5.084519510615737498e-07 9.802377213707605481e-08
4.815000000000000391e+00 5.067142477358450131e-07 6.126485758567253426e-10
4.820000000000000284e+00 5.049727731024162908e-07 6.126485758567253426e-10
4.825000000000000178e+00 5.032282371340678960e-07 3.473717425107632618e-08
4.830000000000000071e+00 5.014813451863076197e-07 6.126485758567253426e-10
4.834999999999999964e+00 4.997327976011777403e-07 5.311663152677815098e-08
4.839999999999999858e+00 4.979832893203023153e-07 7.553956940313423879e-08
4.844999999999999751e+00 4.962335095071608853e-07 7.762257456104709189e-08
4.849999999999999645e+00 4.944841411786375061e-07 1.551838842645085350e-07
4.855000000000000426e+00 4.927358608459630595e-07 1.551838842645085350e-07
4.860000000000000320e+00 4.909893381652119883e-07 6.536960304391259496e-08
4.865000000000000213e+00 4.892452355974945958e-07 2.450594303426901503e-07
4.870000000000000107e+00 4.875042080789277038e-07 2.185317470080939521e-07
4.875000000000000000e+00 4.857669027003920358e-07 1.427471181746151594e-08
4.879999999999999893e+00 4.840339583970520789e-07 1.245514554716722530e-07
4.884999999999999787e+00 4.823060056476155530e-07 3.655674052137079682e-07
4.889999999999999680e+00 4.805836661833537711e-07 7.964431486137429619e-08
4.894999999999999574e+00 4.788675527069433458e-07 1.572668894224214145e-07
4.900000000000000355e+00 4.771582686212070644e-07 6.126485758567314637e-09
4.905000000000000249e+00 4.754564077678124835e-07 1.654151154813158541e-07
4.910000000000000142e+00 4.737625541759408948e-07 1.427471181746151594e-08
4.915000000000000036e+00 4.720772818208977055e-07 2.225752276087483078e-07
4.919999999999999929e+00 4.704011543926113987e-07 3.818638573314969002e-07
4.924999999999999822e+00 4.687347250739799402e-07 7.149608880247985666e-08
4.929999999999999716e+00 4.670785363290488022e-07 4.901188606853809358e-08
4.934999999999999609e+00 4.654331197010262164e-07 2.369112042837956843e-07
4.940000000000000391e+00 4.637989956201471433e-07 2.573124018598246737e-07
4.945000000000000284e+00 4.621766732213749475e-07 1.674368557816430319e-07
4.950000000000000178e+00 4.605666501719020263e-07 6.126485758567253426e-10
4.955000000000000071e+00 4.589694891568693758e-07 1.715416012398830893e-07
4.959999999999999964e+00 4.573860155866569169e-07 3.778203767308424916e-07
4.964999999999999858e+00 4.558179857869087066e-07 1.592886297227485924e-07
4.969999999999999751e+00 4.542700568239208016e-07 1.858163130573447905e-07
4.974999999999999645e+00 4.527542092328950930e-07 1.306779412302395147e-07
4.980000000000000426e+00 4.512974784369778732e-07 9.189728637850880635e-08
4.985000000000000320e+00 4.499514538301688445e-07 1.184249697131050177e-07
4.990000000000000213e+00 4.487976393663822026e-07 4.207057770408132705e-07
4.995000000000000107e+00 4.479398811806999388e-07 1.082550033538833607e-07
5.000000000000000000e+00 4.474792794659592954e-07 6.126485758567253426e-10
