2.999999999999999889e-01 7.277703096955443485e-01 1.000000000000000000e+00
3.004999999999999893e-01 7.272454299609737438e-01 9.960207049336958773e-01
3.009999999999999898e-01 7.261989406977464867e-01 9.741695802666162640e-01
3.014999999999999902e-01 7.246372282402783194e-01 9.591238551214612551e-01
3.019999999999999907e-01 7.225694991018218882e-01 9.421619786580991418e-01
3.024999999999999911e-01 7.200073653906593485e-01 9.235446874485964130e-01
3.029999999999999916e-01 7.169643436526125235e-01 9.050411403812703703e-01
3.034999999999999920e-01 7.134553050246746908e-01 8.848926780270816028e-01
3.039999999999999925e-01 7.094959169612553573e-01 8.628438135436025114e-01
3.044999999999999929e-01 7.051021156571318782e-01 8.435003097340486589e-01
3.049999999999999933e-01 7.002896439517348748e-01 8.235670862950558169e-01
3.054999999999999938e-01 6.950736825878782721e-01 8.023756776526008716e-01
3.059999999999999942e-01 6.894685940549103442e-01 7.859492736124089607e-01
3.064999999999999947e-01 6.834877887928854090e-01 7.698151045221170996e-01
3.069999999999999951e-01 6.771437141549520033e-01 7.557038312526904722e-01
3.074999999999999956e-01 6.704479579809146106e-01 7.437729456932967720e-01
3.079999999999999960e-01 6.634114515122274680e-01 7.311718446500005131e-01
3.084999999999999964e-01 6.560447510627214207e-01 7.199724214202968264e-01
3.089999999999999969e-01 6.483583745269815291e-01 7.088919920624088267e-01
3.094999999999999973e-01 6.403631674394066886e-01 6.954246856286900869e-01
3.099999999999999978e-01 6.320706737030151734e-01 6.865368933499924609e-01
3.104999999999999982e-01 6.234934879725712031e-01 6.758379443458661928e-01
3.109999999999999987e-01 6.146455696092478771e-01 6.656062212796041155e-01
3.114999999999999991e-01 6.055425017108123642e-01 6.546010380465405731e-01
3.119999999999999996e-01 5.962016825862044289e-01 6.479811289718580003e-01
3.125000000000000000e-01 5.866424408937411794e-01 6.381571349075522148e-01
3.130000000000000004e-01 5.768860693093511571e-01 6.267599718614491611e-01
3.135000000000000009e-01 5.669557749419091852e-01 6.140853746032078897e-01
3.140000000000000013e-01 5.568765477423159860e-01 6.001263434933100660e-01
3.145000000000000018e-01 5.466749508762868137e-01 5.861253145463009018e-01
3.150000000000000022e-01 5.363788394798382209e-01 5.723412744243671080e-01
3.155000000000000027e-01 5.260170164270489002e-01 5.612118475898490999e-01
3.160000000000000031e-01 5.156188357466024996e-01 5.471933195440434883e-01
3.165000000000000036e-01 5.052137661590333506e-01 5.322263403434722706e-01
3.170000000000000040e-01 4.948309288942133732e-01 5.208624255850823337e-01
3.175000000000000044e-01 4.844986587930371624e-01 5.084958124656580036e-01
3.180000000000000049e-01 4.742439929467195947e-01 4.967976649202566208e-01
3.185000000000000053e-01 4.640922022007162862e-01 4.876491360694923949e-01
3.190000000000000058e-01 4.540664440412237601e-01 4.777568955198807088e-01
3.195000000000000062e-01 4.441874252440740078e-01 4.674971738955444045e-01
3.200000000000000067e-01 4.344731446377528283e-01 4.602595466333483931e-01
3.205000000000000071e-01 4.249387302938072986e-01 4.521119662337389489e-01
3.210000000000000075e-01 4.155963818380996599e-01 4.456757976964186296e-01
3.215000000000000080e-01 4.064554236972992562e-01 4.396281091523786544e-01
3.220000000000000084e-01 3.975224691479922745e-01 4.351290908518211098e-01
3.225000000000000089e-01 3.888016883486298259e-01 4.306563211994582363e-01
3.230000000000000093e-01 3.802951665583292895e-01 4.264092899215690124e-01
3.235000000000000098e-01 3.720033320259606424e-01 4.197648821085714355e-01
3.240000000000000102e-01 3.639254271588956979e-01 4.121230256641782996e-01
3.245000000000000107e-01 3.560599921336898288e-01 4.082032275337820204e-01
3.250000000000000111e-01 3.484053276058007298e-01 3.990686979620549635e-01
3.255000000000000115e-01 3.409599030139764397e-01 3.917068270984044309e-01
3.260000000000000120e-01 3.337226794016002196e-01 3.834227537281830189e-01
3.265000000000000124e-01 3.266933207360041003e-01 3.766366032149344178e-01
3.270000000000000129e-01 3.198722752047765683e-01 3.716126119504845615e-01
3.275000000000000133e-01 3.132607174607288103e-01 3.624028362539329362e-01
3.280000000000000138e-01 3.068603535952694750e-01 3.542692551333606055e-01
3.285000000000000142e-01 3.006731018826850899e-01 3.482390656881170776e-01
3.290000000000000147e-01 2.947006730955465392e-01 3.408701951849479883e-01
3.295000000000000151e-01 2.889440834860764196e-01 3.337550616143268867e-01
3.299999999999999600e-01 2.834031405063252018e-01 3.280346062177798006e-01
3.305000000000000160e-01 2.780759453409651916e-01 3.226081356810124312e-01
3.309999999999999609e-01 2.729584569456566800e-01 3.180933681915381617e-01
3.315000000000000169e-01 2.680441594037054065e-01 3.134088594437386410e-01
3.319999999999999618e-01 2.633238682051722845e-01 3.107787448946379150e-01
3.325000000000000178e-01 2.587857019511334844e-01 3.098635420275855923e-01
3.329999999999999627e-01 2.544152346478120719e-01 3.068939449618344750e-01
3.335000000000000187e-01 2.501958310045386824e-01 3.052577792243699184e-01
3.339999999999999636e-01 2.461091539181256005e-01 3.019574491913666336e-01
3.345000000000000195e-01 2.421358205903061667e-01 2.982511400662866130e-01
3.349999999999999645e-01 2.382561724304145256e-01 2.950418053470246216e-01
3.355000000000000204e-01 2.344511148792116362e-01 2.906810299269587672e-01
3.359999999999999654e-01 2.307029772070430251e-01 2.883886479846287654e-01
3.364999999999999658e-01 2.269963396139006440e-01 2.842676102180737852e-01
3.369999999999999662e-01 2.233187757597865641e-01 2.797073450717287857e-01
3.374999999999999667e-01 2.196614630969880022e-01 2.745433610169076277e-01
3.379999999999999671e-01 2.160196207399642521e-01 2.676434663614823961e-01
3.384999999999999676e-01 2.123927445609744835e-01 2.608135681012427876e-01
3.389999999999999680e-01 2.087846210365449928e-01 2.537981793937612029e-01
3.394999999999999685e-01 2.052031142751804815e-01 2.474582558998211501e-01
3.399999999999999689e-01 2.016597337778262000e-01 2.393019259508135377e-01
3.404999999999999694e-01 1.981690030079153730e-01 2.330599974101333904e-01
3.409999999999999698e-01 1.947476600632823684e-01 2.262475982486902015e-01
3.414999999999999702e-01 1.914137310564897054e-01 2.212183572546013999e-01
3.419999999999999707e-01 1.881855237591439911e-01 2.179600250587094834e-01
3.424999999999999711e-01 1.850805933160380168e-01 2.125353044318217532e-01
3.429999999999999716e-01 1.821147331955653703e-01 2.088027466585470893e-01
3.434999999999999720e-01 1.793010429822203267e-01 2.070300879504705371e-01
3.439999999999999725e-01 1.766491202733284360e-01 2.026745622600436003e-01
3.444999999999999729e-01 1.741644171211438608e-01 2.030297939656107720e-01
3.449999999999999734e-01 1.718477926182765958e-01 2.008021586888275312e-01
3.454999999999999738e-01 1.696952829287291242e-01 1.998607071735805651e-01
3.459999999999999742e-01 1.676980989516786980e-01 1.997644621302002987e-01
3.464999999999999747e-01 1.658428505090795424e-01 2.003716808584357911e-01
3.469999999999999751e-01 1.641119850663112500e-01 1.998992051909326551e-01
3.474999999999999756e-01 1.624844190504592389e-01 2.000916952776931879e-01
3.479999999999999760e-01 1.609363312627164755e-01 1.999762012256368904e-01
3.484999999999999765e-01 1.594420810399105326e-01 1.998134596068302515e-01
3.489999999999999769e-01 1.579752089590114594e-01 1.973513364061750819e-01
3.494999999999999774e-01 1.565094751465713474e-01 1.962156448942879439e-01
3.499999999999999778e-01 1.550198896890024325e-01 1.922485991971413510e-01
3.504999999999999782e-01 1.534836911600482023e-01 1.896797314938280798e-01
3.509999999999999787e-01 1.518812326987181160e-01 1.851632140944741434e-01
3.514999999999999791e-01 1.501967401042161587e-01 1.817998873058037645e-01
3.519999999999999796e-01 1.484189127286079102e-01 1.783403154737530916e-01
3.524999999999999800e-01 1.465413451910871079e-01 1.743050232913004871e-01
3.529999999999999805e-01 1.445627557683659969e-01 1.705269678611551487e-01
3.534999999999999809e-01 1.424870154107455156e-01 1.636008245575352738e-01
3.539999999999999813e-01 1.403229793798052571e-01 1.583738437470470217e-01
3.544999999999999818e-01 1.380841311906942370e-01 1.553639987540641754e-01
3.549999999999999822e-01 1.357880555693835867e-01 1.507599858607281684e-01
3.554999999999999827e-01 1.334557632381808967e-01 1.467036947597198659e-01
3.559999999999999831e-01 1.311108953194168869e-01 1.446528003807803775e-01
3.564999999999999836e-01 1.287788388708795695e-01 1.414679643998334180e-01
3.569999999999999840e-01 1.264857874799672488e-01 1.403392725274648367e-01
3.574999999999999845e-01 1.242577819441489650e-01 1.391440840796699108e-01
3.579999999999999849e-01 1.221197658929840113e-01 1.359382491801672255e-01
3.584999999999999853e-01 1.200946898347415581e-01 1.363599774611607418e-01
3.589999999999999858e-01 1.182026946349653412e-01 1.364509727749020906e-01
3.594999999999999862e-01 1.164604019636324567e-01 1.364527226847817298e-01
3.599999999999999867e-01 1.148803348971557114e-01 1.350947926181801650e-01
3.604999999999999871e-01 1.134704867619650698e-01 1.355287702683311835e-01
3.609999999999999876e-01 1.122340506227477580e-01 1.354272754953119995e-01
3.614999999999999880e-01 1.111693157652162839e-01 1.341795897511278146e-01
3.619999999999999885e-01 1.102697313617478497e-01 1.349600495574477810e-01
3.624999999999999889e-01 1.095241315228994566e-01 1.347465605521315779e-01
3.629999999999999893e-01 1.089171104018506475e-01 1.344228272243979394e-01
3.634999999999999898e-01 1.084295311606972290e-01 1.321776928488182790e-01
3.639999999999999902e-01 1.080391485885305730e-01 1.299868056795075166e-01
3.644999999999999907e-01 1.077213220698193807e-01 1.294723321748929845e-01
3.649999999999999911e-01 1.074497934644368796e-01 1.260775070083890725e-01
3.654999999999999916e-01 1.071975032640674202e-01 1.234806407470015327e-01
3.659999999999999920e-01 1.069374181006806229e-01 1.199983200865155503e-01
3.664999999999999925e-01 1.066433432609752430e-01 1.173717053571741026e-01
3.669999999999999929e-01 1.062906952590790544e-01 1.147135922499991217e-01
3.674999999999999933e-01 1.058572116760158333e-01 1.106468016897129841e-01
3.679999999999999938e-01 1.053235782985581098e-01 1.078539455218056331e-01
3.684999999999999942e-01 1.046739569550041160e-01 1.035789156858421822e-01
3.689999999999999947e-01 1.038964011880127714e-01 1.012970332027900572e-01
3.694999999999999951e-01 1.029831508410200686e-01 9.842718100017848470e-02
3.699999999999999956e-01 1.019308005852876953e-01 9.606480266266287371e-02
3.704999999999999960e-01 1.007403412276289822e-01 9.476111980233017928e-02
3.709999999999999964e-01 9.941707620408803125e-02 9.254748380458406587e-02
3.714999999999999969e-01 9.797041891477757669e-02 9.138554364450231227e-02
3.719999999999999973e-01 9.641357945781209304e-02 9.163753066717064688e-02
3.724999999999999978e-01 9.476315186864579798e-02 9.259823119109365785e-02
3.729999999999999982e-01 9.303861517001560388e-02 9.264022902820505390e-02
3.734999999999999987e-01 9.126176339021610517e-02 9.297446181521651365e-02
3.739999999999999991e-01 8.945608120267854735e-02 9.383366756612034065e-02
3.744999999999999996e-01 8.764608294720734050e-02 9.602805455519040911e-02
3.750000000000000000e-01 8.585663346747889058e-02 9.632203941497012589e-02
3.755000000000000004e-01 8.411226939452043361e-02 9.633778860388690635e-02
3.760000000000000009e-01 8.243653919094266758e-02 9.885940874044986393e-02
3.765000000000000013e-01 8.085137944108673758e-02 9.923563936457271972e-02
3.770000000000000018e-01 7.937654355347240065e-02 9.945962782916679956e-02
3.775000000000000022e-01 7.802909728689831625e-02 1.000860955660783508e-01
3.780000000000000027e-01 7.682299339246702330e-02 1.002348379058478484e-01
3.785000000000000031e-01 7.576873526095623257e-02 9.927938711156375495e-02
3.790000000000000036e-01 7.487313685592444923e-02 9.696075652103916531e-02
3.795000000000000040e-01 7.413918346723605279e-02 9.496235943848892191e-02
3.800000000000000044e-01 7.356599500087868115e-02 9.330344487258905584e-02
3.805000000000000049e-01 7.314889069386472376e-02 9.090431842760098025e-02
3.810000000000000053e-01 7.287955138083390683e-02 8.849294261345540258e-02
3.815000000000000058e-01 7.274627282575371612e-02 8.508761798767364160e-02
3.820000000000000062e-01 7.273430125952211334e-02 8.178553804479068989e-02
3.825000000000000067e-01 7.282624022320233204e-02 7.908892692026360527e-02
3.830000000000000071e-01 7.300251618517983321e-02 7.582184517497349285e-02
3.835000000000000075e-01 7.324188923152008535e-02 7.263350937426722720e-02
3.840000000000000080e-01 7.352199444148298235e-02 6.945567303283881055e-02
3.845000000000000084e-01 7.381989934054011826e-02 6.669781506252428493e-02
3.850000000000000089e-01 7.411266303249224030e-02 6.427243996934157988e-02
3.855000000000000093e-01 7.437788319793676994e-02 6.269752107766450588e-02
3.860000000000000098e-01 7.459421805092983360e-02 6.112260218598742495e-02
3.865000000000000102e-01 7.474187151129237094e-02 6.014965229290691190e-02
3.870000000000000107e-01 7.480303122106152225e-02 5.907695753668686101e-02
3.875000000000000111e-01 7.476225056025573301e-02 5.793776620504043767e-02
3.880000000000000115e-01 7.460676745803922205e-02 5.857998313086876241e-02
3.884999999999999565e-01 7.432675451660902821e-02 5.928169699260488201e-02
3.890000000000000124e-01 7.391549673436509371e-02 5.929394636176237021e-02
3.894999999999999574e-01 7.336949489446624451e-02 6.061162850113219203e-02
3.900000000000000133e-01 7.268849442922679926e-02 6.078311966933702681e-02
3.904999999999999583e-01 7.187544123125864937e-02 6.165632469927798814e-02
3.910000000000000142e-01 7.093636741531067491e-02 6.221629586076317386e-02
3.914999999999999591e-01 6.988021140859407287e-02 6.301775458563883825e-02
3.920000000000000151e-01 6.871857794359419180e-02 6.380871385123666750e-02
3.924999999999999600e-01 6.746544453931634100e-02 6.445618050670390287e-02
3.930000000000000160e-01 6.613682188783787108e-02 6.508439815349509328e-02
3.934999999999999609e-01 6.475037622453277963e-02 6.446493005610211269e-02
3.940000000000000169e-01 6.332502226927323730e-02 6.469416825033511009e-02
3.944999999999999618e-01 6.188049569825479490e-02 6.432318735585117186e-02
3.950000000000000178e-01 6.043691434939561097e-02 6.314024827721372024e-02
3.954999999999999627e-01 5.901433747322915035e-02 6.264852360103455309e-02
3.960000000000000187e-01 5.763233229962275161e-02 6.038239030689919462e-02
3.964999999999999636e-01 5.630955697882222832e-02 5.953718383503249501e-02
3.970000000000000195e-01 5.506336855869483488e-02 5.841024187254356681e-02
3.974999999999999645e-01 5.390946407473785895e-02 5.598836659912014707e-02
3.980000000000000204e-01 5.286156206307956323e-02 5.421220807128433045e-02
3.984999999999999654e-01 5.193113087585984194e-02 5.183583045473157819e-02
3.990000000000000213e-01 5.112716910454276342e-02 5.076663551827080567e-02
3.994999999999999662e-01 5.045604222304193170e-02 4.870524168005347515e-02
4.000000000000000222e-01 4.992137827236756836e-02 4.675234225437389923e-02
4.004999999999999671e-01 4.952402404616937370e-02 4.536291380993878741e-02
4.010000000000000231e-01 4.926206182981269360e-02 4.405748103972645380e-02
4.014999999999999680e-01 4.913088532813065373e-02 4.339951492498136248e-02
4.020000000000000240e-01 4.912333202909654334e-02 4.263480430757816270e-02
4.024999999999999689e-01 4.922986793809479983e-02 4.195933909403665868e-02
4.030000000000000249e-01 4.943881942833028981e-02 4.125587532242089295e-02
4.034999999999999698e-01 4.973664593371579512e-02 4.211683098320436608e-02
4.040000000000000258e-01 5.010824640163900195e-02 4.206083386705584959e-02
4.044999999999999707e-01 5.053729185326535228e-02 4.226732323285350978e-02
4.049999999999999711e-01 5.100657608126828862e-02 4.329802015196217158e-02
4.054999999999999716e-01 5.149837644335376191e-02 4.374424717127067819e-02
4.059999999999999720e-01 5.199481686215243204e-02 4.440221328601576950e-02
4.064999999999999725e-01 5.247822548422654415e-02 4.521417147016928290e-02
4.069999999999999729e-01 5.293147994482576280e-02 4.610312568902701774e-02
4.074999999999999734e-01 5.333833379315121997e-02 4.677859090256851482e-02
4.079999999999999738e-01 5.368371832133814192e-02 4.735256134309082793e-02
4.084999999999999742e-01 5.395401478007660900e-02 4.685908675703201465e-02
4.089999999999999747e-01 5.413729273169222422e-02 4.790028313541852545e-02
4.094999999999999751e-01 5.422351107176532486e-02 4.758354944720347146e-02
4.099999999999999756e-01 5.420467903459744163e-02 4.642685901676063542e-02
4.104999999999999760e-01 5.407497528319369501e-02 4.609962586926773243e-02
4.109999999999999765e-01 5.383082396972233702e-02 4.476969436074042241e-02
4.114999999999999769e-01 5.347092743394576270e-02 4.415547599298635939e-02
4.119999999999999774e-01 5.299625597639525537e-02 4.271879998180093396e-02
4.124999999999999778e-01 5.240999588720279823e-02 4.160060756871020865e-02
4.129999999999999782e-01 5.171745761545006037e-02 4.039666957151706594e-02
4.134999999999999787e-01 5.092594661291412195e-02 3.856801374729201121e-02
4.139999999999999791e-01 5.004459996762648105e-02 3.737107538961743219e-02
4.144999999999999796e-01 4.908419244758192856e-02 3.524143506609409698e-02
4.149999999999999800e-01 4.805691599835121286e-02 3.382925779322364795e-02
4.154999999999999805e-01 4.697613707980832776e-02 3.308904591413542456e-02
4.159999999999999809e-01 4.585613648971859774e-02 3.126388990966965514e-02
4.164999999999999813e-01 4.471183651015826765e-02 3.004595263343937811e-02
4.169999999999999818e-01 4.355852033070019974e-02 2.927949210615653219e-02
4.174999999999999822e-01 4.241154875218924175e-02 2.857952815430005525e-02
4.179999999999999827e-01 4.128607915695236413e-02 2.795306041738850403e-02
4.184999999999999831e-01 4.019679164438511032e-02 2.808080383860231052e-02
4.189999999999999836e-01 3.915762707360887634e-02 2.724784673589310258e-02
4.194999999999999840e-01 3.818154152632641241e-02 2.785156564436931659e-02
4.199999999999999845e-01 3.728028140330456180e-02 2.815954978318616422e-02
4.204999999999999849e-01 3.646418299893411374e-02 2.882626544732946189e-02
4.209999999999999853e-01 3.574199996341822366e-02 2.934948850134217954e-02
4.214999999999999858e-01 3.512076156523082082e-02 3.003545317416152910e-02
4.219999999999999862e-01 3.460566411088165234e-02 3.048518001322931756e-02
4.224999999999999867e-01 3.419999726741598106e-02 3.190960665525725132e-02
4.229999999999999871e-01 3.390510636924778248e-02 3.280556051363354986e-02
4.234999999999999876e-01 3.372039108255857343e-02 3.338128086403550215e-02
4.239999999999999880e-01 3.364334006128134186e-02 3.427023508289323006e-02
4.244999999999999885e-01 3.366960047847220722e-02 3.456771976243223216e-02
4.249999999999999889e-01 3.379308057995122905e-02 3.506119434849105237e-02
4.254999999999999893e-01 3.400608270996712673e-02 3.483020624437841578e-02
4.259999999999999898e-01 3.429946362821008343e-02 3.530618173164082330e-02
4.264999999999999902e-01 3.466281839960416028e-02 3.510669200536172679e-02
4.269999999999999907e-01 3.508468371572267402e-02 3.513819038319526689e-02
4.274999999999999911e-01 3.555275621610209935e-02 3.499469777306468687e-02
4.279999999999999916e-01 3.605412122680317494e-02 3.412324265300337167e-02
4.284999999999999920e-01 3.657548731929369940e-02 3.333753311704447386e-02
4.289999999999999925e-01 3.710342220246193312e-02 3.189210755646084555e-02
4.294999999999999929e-01 3.762458567483025623e-02 3.100665315736239602e-02
4.299999999999999933e-01 3.812595565962699495e-02 2.943173426568531856e-02
4.304999999999999938e-01 3.859504369776464022e-02 2.784806582461003127e-02
4.309999999999999942e-01 3.902009665891075646e-02 2.737908997686619092e-02
4.314999999999999947e-01 3.939028182720826637e-02 2.598966153243107910e-02
4.319999999999999951e-01 3.969585290944774997e-02 2.487846875885891748e-02
4.324999999999999956e-01 3.992829489075331445e-02 2.418725435640064689e-02
4.329999999999999960e-01 4.008044602545656615e-02 2.268058195002957411e-02
4.334999999999999964e-01 4.014659560466080079e-02 2.161313692344844078e-02
4.339999999999999969e-01 4.012255649598476387e-02 2.108816395955608394e-02
4.344999999999999973e-01 4.000571181351178507e-02 2.020095965057799522e-02
4.349999999999999978e-01 3.979503545233099848e-02 1.997522127610427967e-02
4.354999999999999982e-01 3.949108661319557928e-02 1.949399605920295112e-02
4.359999999999999987e-01 3.909597884490647463e-02 1.971273479415809951e-02
4.364999999999999991e-01 3.861332453633090078e-02 1.936975245774842647e-02
4.369999999999999996e-01 3.804815618335969513e-02 2.005921695032705787e-02
4.375000000000000000e-01 3.740682612278528607e-02 2.025870667660615437e-02
4.380000000000000004e-01 3.669688674946932488e-02 2.060168901301583089e-02
4.385000000000000009e-01 3.592695350313394181e-02 2.059118955373798188e-02
4.390000000000000013e-01 3.510655312019253516e-02 2.158338845549454335e-02
4.395000000000000018e-01 3.424595979391588385e-02 2.204361475384017735e-02
4.400000000000000022e-01 3.335602197776338373e-02 2.258608681652895037e-02
4.405000000000000027e-01 3.244798261031099640e-02 2.282757437991943250e-02
4.410000000000000031e-01 3.153329554624956926e-02 2.299381581848534972e-02
4.415000000000000036e-01 3.062344095712069003e-02 2.268408176978885596e-02
4.420000000000000040e-01 2.972974242700020253e-02 2.334554770429322912e-02
4.425000000000000044e-01 2.886318841794598133e-02 2.348554049466452381e-02
4.430000000000000049e-01 2.803426071853762011e-02 2.365703166286936207e-02
4.435000000000000053e-01 2.725277241209392645e-02 2.304106338523565986e-02
4.440000000000000058e-01 2.652771780127105225e-02 2.308306122234704896e-02
4.445000000000000062e-01 2.586713659315890285e-02 2.216085871577613831e-02
4.449999999999999512e-01 2.527799447454964765e-02 2.152039169982745970e-02
4.455000000000000071e-01 2.476608198366078012e-02 2.110391314847285399e-02
4.459999999999999520e-01 2.433593330848692407e-02 2.054744180674695359e-02
4.465000000000000080e-01 2.399076631364022508e-02 2.001721911321566877e-02
4.469999999999999529e-01 2.373244472227354837e-02 1.874678454059616056e-02
4.475000000000000089e-01 2.356146296716080460e-02 1.810106779500855745e-02
4.479999999999999538e-01 2.347695378816083006e-02 1.698112547203818948e-02
4.485000000000000098e-01 2.347671820663421727e-02 1.649815034525721827e-02
4.489999999999999547e-01 2.355727706562101703e-02 1.613941881993077518e-02
4.495000000000000107e-01 2.371394290197478827e-02 1.501072694756220086e-02
4.499999999999999556e-01 2.394091052693370081e-02 1.438250930077101045e-02
4.505000000000000115e-01 2.423136434802202963e-02 1.407277525207451842e-02
4.509999999999999565e-01 2.457760017987540083e-02 1.379628949109120914e-02
4.515000000000000124e-01 2.497115907456255376e-02 1.343755796576476258e-02
4.519999999999999574e-01 2.540297055983826296e-02 1.340780949781086341e-02
4.525000000000000133e-01 2.586350260879403951e-02 1.354080264866359441e-02
4.529999999999999583e-01 2.634291567407201148e-02 1.380153922073013191e-02
4.535000000000000142e-01 2.683121819668179281e-02 1.409727399038949482e-02
4.539999999999999591e-01 2.731842113118228624e-02 1.434401128341890319e-02
4.545000000000000151e-01 2.779468919919318021e-02 1.462574677404113697e-02
4.549999999999999600e-01 2.825048677335122854e-02 1.561619576591805579e-02
4.555000000000000160e-01 2.867671648619320862e-02 1.583668441075284511e-02
4.559999999999999609e-01 2.906484883950496631e-02 1.680088475443514487e-02
4.565000000000000169e-01 2.940704125284747047e-02 1.700387430047352669e-02
4.569999999999999618e-01 2.969624513668540217e-02 1.738885447399458883e-02
4.575000000000000178e-01 2.992629971430281477e-02 1.802582167018398560e-02
4.579999999999999627e-01 3.009201146052337128e-02 1.856304400323383411e-02
4.585000000000000187e-01 3.018921818844023247e-02 1.882203066542073241e-02
4.589999999999999636e-01 3.021483701010589315e-02 1.944324867269335566e-02
4.595000000000000195e-01 3.016689563060896695e-02 1.916326309195076627e-02
4.599999999999999645e-01 3.004454670706709421e-02 1.928750669340529092e-02
4.605000000000000204e-01 2.984806530629002114e-02 1.917201264134896915e-02
4.609999999999999654e-01 2.957882981091574520e-02 1.889202706060637976e-02
4.615000000000000213e-01 2.923928693214569718e-02 1.848079823889069856e-02
4.619999999999999662e-01 2.883290176511308506e-02 1.775983536847852359e-02
4.625000000000000222e-01 2.836409405118166249e-02 1.761284293858866173e-02
4.629999999999999671e-01 2.783816197815775981e-02 1.697062601276034394e-02
4.635000000000000231e-01 2.726119495198598211e-02 1.619541593607929167e-02
4.639999999999999680e-01 2.663997681896243877e-02 1.545345414711142389e-02
4.645000000000000240e-01 2.598188102058605550e-02 1.462574677404113697e-02
4.649999999999999689e-01 2.529475914335430065e-02 1.387328552579542192e-02
4.655000000000000249e-01 2.458682430347716372e-02 1.306832698116047048e-02
4.659999999999999698e-01 2.386653079890641710e-02 1.243310969485071464e-02
4.665000000000000258e-01 2.314245147894928786e-02 1.135866502875101935e-02
4.669999999999999707e-01 2.242315432700107969e-02 1.099993350342457279e-02
4.675000000000000266e-01 2.171707981750332916e-02 1.064645170773705074e-02
4.679999999999999716e-01 2.103242067968792359e-02 1.018622540939141674e-02
4.685000000000000275e-01 2.037700575945097445e-02 9.678751544295469134e-03
4.689999999999999725e-01 1.975818969804188710e-02 9.628004157785873679e-03
4.695000000000000284e-01 1.918275012685650982e-02 9.365517675839693523e-03
4.699999999999999734e-01 1.865679400240388697e-02 9.222025065709115246e-03
4.705000000000000293e-01 1.818567457286365471e-02 9.146778940884545128e-03
4.709999999999999742e-01 1.777392028305764191e-02 9.729498930805062853e-03
4.715000000000000302e-01 1.742517669889824539e-02 9.757497488879322833e-03
4.719999999999999751e-01 1.714216227882697785e-02 9.652502896100850077e-03
4.725000000000000311e-01 1.692663855166621351e-02 1.046446108025436694e-02
4.729999999999999760e-01 1.677939498876348037e-02 1.072519765232090617e-02
4.735000000000000320e-01 1.670024859133304590e-02 1.107167980848986280e-02
4.739999999999999769e-01 1.668805795668983419e-02 1.164040051937325314e-02
4.745000000000000329e-01 1.674075134299564047e-02 1.182939078637450236e-02
4.749999999999999778e-01 1.685536802405319598e-02 1.208837744856139894e-02
4.755000000000000338e-01 1.702811201705981686e-02 1.296858211802092223e-02
4.759999999999999787e-01 1.725441708180018921e-02 1.305432770212334136e-02
4.764999999999999791e-01 1.752902173538808603e-02 1.322231905056889603e-02
4.769999999999999796e-01 1.784605290838960079e-02 1.298783112669697586e-02
4.774999999999999800e-01 1.819911679044458261e-02 1.354430246842287626e-02
4.779999999999999805e-01 1.858139537732037341e-02 1.326606679755992606e-02
4.784999999999999809e-01 1.898574723276162321e-02 1.339206030889409163e-02
4.789999999999999813e-01 1.940481100860780642e-02 1.299483076621553955e-02
4.794999999999999818e-01 1.983111031292884158e-02 1.281633995849213760e-02
4.799999999999999822e-01 2.025715856503193177e-02 1.203413024229252164e-02
4.804999999999999827e-01 2.067556251717075910e-02 1.185738934444876061e-02
4.809999999999999831e-01 2.107912314992518160e-02 1.156690430442832221e-02
4.814999999999999836e-01 2.146093266268865943e-02 1.100168341330421545e-02
4.819999999999999840e-01 2.181446629066971510e-02 1.085119116365507175e-02
4.824999999999999845e-01 2.213366769897056122e-02 1.015472703155787491e-02
4.829999999999999849e-01 2.241302674903887515e-02 9.554507942840944484e-03
4.834999999999999853e-01 2.264764851849267180e-02 8.893042008336571325e-03
4.839999999999999858e-01 2.283331259245954814e-02 8.322571387573540064e-03
4.844999999999999862e-01 2.296652183541418937e-02 8.291073009739998237e-03
4.849999999999999867e-01 2.304454008935998000e-02 7.776599505125486068e-03
4.854999999999999871e-01 2.306541850989980713e-02 7.234127442436714787e-03
4.859999999999999876e-01 2.302801052230686596e-02 7.088884922426494720e-03
4.864999999999999880e-01 2.293197562880317647e-02 7.115133570621112909e-03
4.869999999999999885e-01 2.277777250232491599e-02 6.850897178795291829e-03
4.874999999999999889e-01 2.256664194497420839e-02 6.863146547952780029e-03
4.879999999999999893e-01 2.230058036563172669e-02 6.866646367712062743e-03
4.884999999999999898e-01 2.198230444703832762e-02 7.060886364352235607e-03
4.889999999999999902e-01 2.161520764471907066e-02 6.915643844342016407e-03
4.894999999999999907e-01 2.120330911223685527e-02 7.153631587973219297e-03
4.899999999999999911e-01 2.075119560561403814e-02 7.683854281504502379e-03
4.904999999999999916e-01 2.026395690761659610e-02 7.501863654021817714e-03
4.909999999999999920e-01 1.974711534562063539e-02 8.000587969719559836e-03
4.914999999999999925e-01 1.920655005994530845e-02 8.177328867563320863e-03
4.919999999999999929e-01 1.864841680628962980e-02 8.842294621826975870e-03
4.924999999999999933e-01 1.807906422972863775e-02 9.129279842088132424e-03
4.929999999999999938e-01 1.750494770563097019e-02 9.300771010292970681e-03
4.934999999999999942e-01 1.693254198014009296e-02 9.384766684515747151e-03
4.939999999999999947e-01 1.636825393794768060e-02 9.479261818016372632e-03
4.944999999999999951e-01 1.581833686361884886e-02 9.953487395399137488e-03
4.949999999999999956e-01 1.528880753991501522e-02 9.829243793944611104e-03
4.954999999999999960e-01 1.478536744737802937e-02 9.904489918769182957e-03
4.959999999999999964e-01 1.431332920668821305e-02 9.801245235870352859e-03
4.964999999999999969e-01 1.387754925612568781e-02 9.552758032961301826e-03
4.969999999999999973e-01 1.348236759826998941e-02 9.118780382810285148e-03
4.974999999999999978e-01 1.313155529701412298e-02 9.145029031004902470e-03
4.979999999999999982e-01 1.282827026662838876e-02 9.132779661847414271e-03
4.984999999999999987e-01 1.257502177133528257e-02 8.777547956280251293e-03
4.989999999999999991e-01 1.237364394362333413e-02 7.960340042487811657e-03
4.994999999999999996e-01 1.222527852593678459e-02 7.865844908987187911e-03
5.000000000000000000e-01 1.213036693626439420e-02 7.500113744142176790e-03
5.004999999999999449e-01 1.208865164815502852e-02 7.029387986518694648e-03
5.010000000000000009e-01 1.209918675814153528e-02 6.754652135415026293e-03
5.015000000000000568e-01 1.216035749112990075e-02 6.406420069366427876e-03
5.020000000000000018e-01 1.226990827318224543e-02 5.888446744992632993e-03
5.024999999999999467e-01 1.242497888887463334e-02 5.618960623527888276e-03
5.030000000000000027e-01 1.262214814341882686e-02 5.342474862544578998e-03
5.035000000000000586e-01 1.285748437093497780e-02 5.048490002764857883e-03
5.040000000000000036e-01 1.312660206812172291e-02 4.983743337218133305e-03
5.044999999999999485e-01 1.342472388159406116e-02 5.013491805172033342e-03
5.050000000000000044e-01 1.374674712970114926e-02 4.910247122273203244e-03
5.055000000000000604e-01 1.408731398845799836e-02 4.742255773827647701e-03
5.060000000000000053e-01 1.444088441206490755e-02 5.008242075533109704e-03
5.064999999999999503e-01 1.480181079201445780e-02 5.016991624931316056e-03
5.070000000000000062e-01 1.516441329143160092e-02 5.295227295794266258e-03
5.075000000000000622e-01 1.552305473469582815e-02 5.494717022073363627e-03
5.080000000000000071e-01 1.587221390136075994e-02 5.856948367159091166e-03
5.084999999999999520e-01 1.620655608263443098e-02 5.944443861141151218e-03
5.090000000000000080e-01 1.652099981903724923e-02 6.366172142134679697e-03
5.094999999999999529e-01 1.681077885282699150e-02 6.688155559988660792e-03
5.100000000000000089e-01 1.707149849256390725e-02 6.955891771573763718e-03
5.104999999999999538e-01 1.729918578472490476e-02 7.106384021222907424e-03
5.110000000000000098e-01 1.749033309652806359e-02 7.633106894994907791e-03
5.114999999999999547e-01 1.764193491008849909e-02 7.498363834262535867e-03
5.120000000000000107e-01 1.775151778754790674e-02 7.958590132608170734e-03
5.124999999999999556e-01 1.781716357324407765e-02 8.102082742738749011e-03
5.130000000000000115e-01 1.783752594559599031e-02 8.107332472377671781e-03
5.134999999999999565e-01 1.781184042296696593e-02 8.240325623230402782e-03
5.140000000000000124e-01 1.773992787994433523e-02 8.224576434313632736e-03
5.144999999999999574e-01 1.762219156674565274e-02 8.116082021775878133e-03
5.150000000000000133e-01 1.745960757157838036e-02 7.722352298856608767e-03
5.154999999999999583e-01 1.725370864826829276e-02 7.584109418364954128e-03
5.160000000000000142e-01 1.700656136654086700e-02 7.507113383660741351e-03
5.164999999999999591e-01 1.672073663628887222e-02 7.206128884362455675e-03
5.170000000000000151e-01 1.639927380407496527e-02 6.889395196147398218e-03
5.174999999999999600e-01 1.604563870309559659e-02 6.465917005274227948e-03
5.180000000000000160e-01 1.566367623240891988e-02 6.243678450559795971e-03
5.184999999999999609e-01 1.525755822026039418e-02 5.895446384511197555e-03
5.190000000000000169e-01 1.483172746533142732e-02 5.715205666908153813e-03
5.194999999999999618e-01 1.439083893154274353e-02 5.170983694339741608e-03
5.200000000000000178e-01 1.393969908999460536e-02 4.807002439374372278e-03
5.204999999999999627e-01 1.348320436041567857e-02 4.665259739123434925e-03
5.210000000000000187e-01 1.302627951866529646e-02 4.325777222473042860e-03
5.214999999999999636e-01 1.257381682724226755e-02 4.073790199804709980e-03
5.220000000000000195e-01 1.213061653486305173e-02 3.886549842683101677e-03
5.224999999999999645e-01 1.170132929835233579e-02 3.813053627738171615e-03
5.230000000000000204e-01 1.129040101792011877e-02 3.678310567005799257e-03
5.234999999999999654e-01 1.090202054922768428e-02 3.527818317356655985e-03
5.240000000000000213e-01 1.054007075761724012e-02 3.646812189172257430e-03
5.244999999999999662e-01 1.020808339978790912e-02 3.573315974227327368e-03
5.250000000000000222e-01 9.909198340627615662e-03 3.841052185812430728e-03
5.254999999999999671e-01 9.646127622460908338e-03 3.855051464849560284e-03
5.260000000000000231e-01 9.421124888765473882e-03 4.142036685110716404e-03
5.264999999999999680e-01 9.235960618525107524e-03 4.168285333305334593e-03
5.270000000000000240e-01 9.091903551699193411e-03 4.255780827287394645e-03
5.274999999999999689e-01 8.989708587523244365e-03 4.590013614298863939e-03
5.280000000000000249e-01 8.929611325711543299e-03 4.842000636967195952e-03
5.284999999999999698e-01 8.911329306758581162e-03 4.967994148301362392e-03
5.290000000000000258e-01 8.934069899754445640e-03 5.244479909284671670e-03
5.294999999999999707e-01 8.996544688699188372e-03 5.410721347850585422e-03
5.300000000000000266e-01 9.096990121061509019e-03 5.468468373878745438e-03
5.304999999999999716e-01 9.233194101685727670e-03 5.377473060137402672e-03
5.310000000000000275e-01 9.402528136014430896e-03 5.701206387871024690e-03
5.314999999999999725e-01 9.601984544698191973e-03 5.704706207630307405e-03
5.320000000000000284e-01 9.828218185694036213e-03 5.792201701612366589e-03
5.324999999999999734e-01 1.007759203290785853e-02 5.711705847148871966e-03
5.330000000000000293e-01 1.034622587977807387e-02 5.477217923276950923e-03
5.334999999999999742e-01 1.063004737261797651e-02 5.594461885212911878e-03
5.340000000000000302e-01 1.092484454346803573e-02 5.487717382554798198e-03
5.344999999999999751e-01 1.122631901469202040e-02 5.258479188321801660e-03
5.350000000000000311e-01 1.153013909127359980e-02 4.861249645643249580e-03
5.354999999999999760e-01 1.183199203821328101e-02 4.815751988772578630e-03
5.360000000000000320e-01 1.212763494868534554e-02 4.609262622974916700e-03
5.364999999999999769e-01 1.241294372706780447e-02 4.366025149704790172e-03
5.370000000000000329e-01 1.268395982040950061e-02 4.115788036916099082e-03
5.374999999999999778e-01 1.293693441451140499e-02 3.837552366053148447e-03
5.380000000000000338e-01 1.316836985395775962e-02 3.762306241228576594e-03
5.384999999999999787e-01 1.337505804470013812e-02 3.473571111087779117e-03
5.390000000000000346e-01 1.355411555832528731e-02 3.352827329392536315e-03
5.394999999999999796e-01 1.370301509312800599e-02 3.139338324076310256e-03
5.400000000000000355e-01 1.381961287930083201e-02 2.903100490324748290e-03
5.404999999999999805e-01 1.390217156713388288e-02 2.742108781397758176e-03
5.409999999999999254e-01 1.394937812887533414e-02 2.687861575128880874e-03
5.414999999999999813e-01 1.396035635065787789e-02 2.736859051758834538e-03
5.420000000000000373e-01 1.393467359428885062e-02 2.673862296091751318e-03
5.424999999999999822e-01 1.387234166206331547e-02 2.798105897546276401e-03
5.429999999999999272e-01 1.377381178334596140e-02 2.815604996342688238e-03
5.434999999999999831e-01 1.363996393497018435e-02 2.840103734657665070e-03
5.440000000000000391e-01 1.347209088195283622e-02 3.186585890826622563e-03
5.444999999999999840e-01 1.327187745713116068e-02 3.009844992982861536e-03
5.449999999999999289e-01 1.304137567223842033e-02 3.328328591077559483e-03
5.454999999999999849e-01 1.278297626348293657e-02 3.440322823374596366e-03
5.460000000000000409e-01 1.249937722833380747e-02 3.499819759282396872e-03
5.464999999999999858e-01 1.219354982358304695e-02 3.725558133756111563e-03
5.469999999999999307e-01 1.186870239117213642e-02 3.926797769914848989e-03
5.474999999999999867e-01 1.152824228293749739e-02 4.198033801259235497e-03
5.480000000000000426e-01 1.117573609034158526e-02 4.199783711138876420e-03
5.484999999999999876e-01 1.081486836497119915e-02 4.359025510186225610e-03
5.489999999999999325e-01 1.044939904465748415e-02 4.574264425382093026e-03
5.494999999999999885e-01 1.008311987261708599e-02 4.504268030196444811e-03
5.500000000000000444e-01 9.719810198359919370e-03 4.621511992132404899e-03
5.504999999999999893e-01 9.363192659114892222e-03 4.604012893335993062e-03
5.509999999999999343e-01 9.016889337832652632e-03 4.632011451410252174e-03
5.514999999999999902e-01 8.684379060150446139e-03 4.441271274529362025e-03
5.520000000000000462e-01 8.368956516291350262e-03 4.464020102964697499e-03
5.524999999999999911e-01 8.073693871369616928e-03 4.271530016204165559e-03
5.529999999999999361e-01 7.801405464013166403e-03 4.254030917407753722e-03
5.534999999999999920e-01 7.554616100137292664e-03 4.082539749202916332e-03
5.540000000000000480e-01 7.335533341050397976e-03 3.911048580998078943e-03
5.544999999999999929e-01 7.146024077618660583e-03 3.569816154468045087e-03
5.549999999999999378e-01 6.987595586463624282e-03 3.391325346744642703e-03
5.554999999999999938e-01 6.861381186354256409e-03 3.331828410836841763e-03
5.560000000000000497e-01 6.768130553531197247e-03 2.967847155871472433e-03
5.564999999999999947e-01 6.708204709223632677e-03 2.992345894186449265e-03
5.569999999999999396e-01 6.681575653745473048e-03 2.708860493684575425e-03
5.574999999999999956e-01 6.687830581591645146e-03 2.565367883553997148e-03
5.580000000000000515e-01 6.726180565312768825e-03 2.325630230043152901e-03
5.584999999999999964e-01 6.795473540920062873e-03 2.269633113894634242e-03
5.589999999999999414e-01 6.894211366925736238e-03 2.106891495088002771e-03
5.594999999999999973e-01 7.020570669328480944e-03 2.113891134606567766e-03
5.600000000000000533e-01 7.172427134156711230e-03 1.982647893633477688e-03
5.604999999999999982e-01 7.347382875049460367e-03 1.947649696040654015e-03
5.609999999999999432e-01 7.542796490024420396e-03 2.038645009781996347e-03
5.614999999999999991e-01 7.755815428452688363e-03 2.077143027134102735e-03
5.620000000000000551e-01 7.983410310577223473e-03 2.122640684004773685e-03
5.625000000000000000e-01 8.222410867875189558e-03 2.196136898949704180e-03
5.629999999999999449e-01 8.469543191575302013e-03 2.308131131246740630e-03
5.635000000000000009e-01 8.721467978174511984e-03 2.406126084506647958e-03
5.640000000000000568e-01 8.974819438228885671e-03 2.451623741377318907e-03
5.645000000000000018e-01 9.226244487415111509e-03 2.742108781397758176e-03
5.649999999999999467e-01 9.472441773156047712e-03 2.763107699953452293e-03
5.655000000000000027e-01 9.710200018468236050e-03 2.841853644537306427e-03
5.660000000000000586e-01 9.936435103590086568e-03 2.985346254667884704e-03
5.665000000000000036e-01 1.014822527244777471e-02 3.268831655169758543e-03
5.669999999999999485e-01 1.034284385893284933e-02 3.253082466252988064e-03
5.675000000000000044e-01 1.051778898448860362e-02 3.253082466252988064e-03
5.680000000000000604e-01 1.067080978205370116e-02 3.382575797346436784e-03
5.685000000000000053e-01 1.079992884132773522e-02 3.494570029643473234e-03
5.689999999999999503e-01 1.090346072847756496e-02 3.601314532301586480e-03
5.695000000000000062e-01 1.098002658745701396e-02 3.589065163144098281e-03
5.700000000000000622e-01 1.102856495775570572e-02 3.433323183856031371e-03
5.705000000000000071e-01 1.104833902671065703e-02 3.417573994939260458e-03
5.709999999999999520e-01 1.103894056360644332e-02 3.394825166503924983e-03
5.715000000000000080e-01 1.100029075789552870e-02 3.261832015651193982e-03
5.720000000000000639e-01 1.093263811551132073e-02 3.284580844086529457e-03
5.725000000000000089e-01 1.083655347430904047e-02 3.109589856122409787e-03
5.729999999999999538e-01 1.071292210575523936e-02 3.001095443584655183e-03
5.735000000000000098e-01 1.056293279877113835e-02 2.724609682601345905e-03
5.740000000000000657e-01 1.038806379219382910e-02 2.549618694637226235e-03
5.745000000000000107e-01 1.019006544539966669e-02 2.474372569812654816e-03
5.749999999999999556e-01 9.970939612628040155e-03 2.337879599200641100e-03
5.755000000000000115e-01 9.732915805541924800e-03 2.159388791477238716e-03
5.760000000000000675e-01 9.478424372427261824e-03 1.993147352911324964e-03
5.765000000000000124e-01 9.210067068433589257e-03 2.071893297495179097e-03
5.769999999999999574e-01 8.930585516510162331e-03 1.839155283502899628e-03
5.775000000000000133e-01 8.642828144523228423e-03 1.742910240122633658e-03
5.780000000000000693e-01 8.349716219407915530e-03 1.739410420363351377e-03
5.785000000000000142e-01 8.054209582492356106e-03 1.667664115298062239e-03
5.789999999999999591e-01 7.759272628974641685e-03 1.580168621316002187e-03
5.795000000000000151e-01 7.467840983816901104e-03 1.510172226130354189e-03
5.800000000000000711e-01 7.182789224776941171e-03 1.601167539871696521e-03
5.805000000000000160e-01 6.906899909542628044e-03 1.585418350954925825e-03
5.809999999999999609e-01 6.642834092794990680e-03 1.651914926381291325e-03
5.815000000000000169e-01 6.393103478918226931e-03 1.683413304214832935e-03
5.820000000000000728e-01 6.160044347893275755e-03 1.837405373623258488e-03
5.825000000000000178e-01 5.945793409562899652e-03 1.877653300855006016e-03
5.829999999999999627e-01 5.752265773799811882e-03 2.017646091226301796e-03
5.835000000000000187e-01 5.581135257818192232e-03 1.991397443031684041e-03
5.840000000000000746e-01 5.433817274544523908e-03 2.012396361587378158e-03
5.845000000000000195e-01 5.311454548809094699e-03 2.113891134606567766e-03
5.849999999999999645e-01 5.214905887591883386e-03 2.236384826181451492e-03
5.855000000000000204e-01 5.144738188653042235e-03 2.404376174627006601e-03
5.860000000000000764e-01 5.101221815069638052e-03 2.491871668609066653e-03
5.865000000000000213e-01 5.084329400342805193e-03 2.519870226683325765e-03
5.869999999999999662e-01 5.093738088564568438e-03 2.498871308127631214e-03
5.875000000000000222e-01 5.128835162977646127e-03 2.523370046442608046e-03
5.880000000000000782e-01 5.188726976606935354e-03 2.581117072470767628e-03
5.885000000000000231e-01 5.272251068793087914e-03 2.614365360183950378e-03
5.889999999999999680e-01 5.377991326385728708e-03 2.523370046442608046e-03
5.894999999999999130e-01 5.504296021438536378e-03 2.490121758729425296e-03
5.899999999999999689e-01 5.649298522489982349e-03 2.631864458980362649e-03
5.905000000000000249e-01 5.810940430624699643e-03 2.463873110534807540e-03
5.909999999999999698e-01 5.986996835368759047e-03 2.339629509080282457e-03
5.914999999999999147e-01 6.175103324509996494e-03 2.371127886913823851e-03
5.919999999999999707e-01 6.372784325298920007e-03 2.232885006422169211e-03
5.925000000000000266e-01 6.577482313089595863e-03 2.157638881597597792e-03
5.929999999999999716e-01 6.786587407377155622e-03 1.979148073874195408e-03
5.934999999999999165e-01 6.997466890896271614e-03 1.923150957725677183e-03
5.939999999999999725e-01 7.207494235898988764e-03 1.772658708076534128e-03
5.945000000000000284e-01 7.414077297412547535e-03 1.618666638668108575e-03
5.949999999999999734e-01 7.614685424792263374e-03 1.566169342278872631e-03
5.954999999999999183e-01 7.806875334915355444e-03 1.541670603963895799e-03
5.959999999999999742e-01 7.988315666629776726e-03 1.455925019861477104e-03
5.965000000000000302e-01 8.156810182691225444e-03 1.391178354314752744e-03
5.969999999999999751e-01 8.310319593942797761e-03 1.389428444435111603e-03
5.974999999999999201e-01 8.446981949980640267e-03 1.333431328286593161e-03
5.979999999999999760e-01 8.565131478203641749e-03 1.165439979841038269e-03
5.985000000000000320e-01 8.663315673242993897e-03 1.235436375026686051e-03
5.989999999999999769e-01 8.740310360082661004e-03 1.224936915748838992e-03
5.994999999999999218e-01 8.795132396351681286e-03 1.254685383702739245e-03
5.999999999999999778e-01 8.827049658838707555e-03 1.294933310934486773e-03
6.005000000000000338e-01 8.835587986260480184e-03 1.331681418406952021e-03
6.009999999999999787e-01 8.820534825989816141e-03 1.357930066601569993e-03
6.014999999999999236e-01 8.781939448884321098e-03 1.408677453111164797e-03
6.019999999999999796e-01 8.720109737761567309e-03 1.420926822268653213e-03
6.025000000000000355e-01 8.635605700698665080e-03 1.580168621316002187e-03
6.029999999999999805e-01 8.529229988407199120e-03 1.739410420363351377e-03
6.034999999999999254e-01 8.402015786741290695e-03 1.765659068557969349e-03
6.039999999999999813e-01 8.255212498844772401e-03 1.903901949049623989e-03
6.045000000000000373e-01 8.090269623300099661e-03 1.905651858929265129e-03
6.049999999999999822e-01 7.908819181039911453e-03 1.905651858929265129e-03
6.054999999999999272e-01 7.712656958892056928e-03 2.082392756773026373e-03
6.059999999999999831e-01 7.503722740769786653e-03 2.061393838217331822e-03
6.065000000000000391e-01 7.284079609326182987e-03 2.031645370263431352e-03
6.069999999999999840e-01 7.055892339323668362e-03 2.122640684004773685e-03
6.074999999999999289e-01 6.821404880968674408e-03 2.064893657976614103e-03
6.079999999999999849e-01 6.582916950914040506e-03 2.147139422319750517e-03
6.085000000000000409e-01 6.342759805974180522e-03 1.944149876281371517e-03
6.089999999999999858e-01 6.103271358091010360e-03 2.017646091226301796e-03
6.094999999999999307e-01 5.866770882424017855e-03 2.000146992429889959e-03
6.099999999999999867e-01 5.635533656120539706e-03 1.973898344235271770e-03
6.105000000000000426e-01 5.411765928109040814e-03 1.893402489771776713e-03
6.109999999999999876e-01 5.197580649963134784e-03 1.735910600604068880e-03
6.114999999999999325e-01 4.994974390999286883e-03 1.651914926381291325e-03
6.119999999999999885e-01 4.805805820622500307e-03 1.511922136009995546e-03
6.125000000000000444e-01 4.631776076420527667e-03 1.609917089269902657e-03
6.129999999999999893e-01 4.474411259777467953e-03 1.373679255518340907e-03
6.134999999999999343e-01 4.335047224421695496e-03 1.364929706120134771e-03
6.139999999999999902e-01 4.214816757722248362e-03 1.249435654063815607e-03
6.145000000000000462e-01 4.114639205952905568e-03 1.242436014545250829e-03
6.149999999999999911e-01 4.035212564447730570e-03 1.090193855016466633e-03
6.154999999999999361e-01 3.977008038282442079e-03 1.074444666099695937e-03
6.159999999999999920e-01 3.940267072348131727e-03 1.070944846340413439e-03
6.165000000000000480e-01 3.925000843806111459e-03 9.677001634415827993e-04
6.169999999999999929e-01 3.930992198318893766e-03 1.020197459830818635e-03
6.174999999999999378e-01 3.957799990340050977e-03 9.974486313954831606e-04
6.179999999999999938e-01 4.004765757070967956e-03 1.027197099349383413e-03
6.185000000000000497e-01 4.071022619079448825e-03 9.327019658487588002e-04
6.189999999999999947e-01 4.155506264217431571e-03 1.020197459830818635e-03
6.194999999999999396e-01 4.256967842325929015e-03 9.187026868116292440e-04
6.199999999999999956e-01 4.373988581939654112e-03 1.097193494535031412e-03
6.205000000000000515e-01 4.504995939432807940e-03 1.002698361034406798e-03
6.209999999999999964e-01 4.648281104390657344e-03 1.102443224173955049e-03
6.214999999999999414e-01 4.802017707078354639e-03 1.137441421766778940e-03
6.219999999999999973e-01 4.964281596444721813e-03 1.112942683451802325e-03
6.225000000000000533e-01 5.133071570888449696e-03 1.233686465147044910e-03
6.229999999999999982e-01 5.306330941069789531e-03 1.247685744184174467e-03
6.234999999999999432e-01 5.481969779866145351e-03 1.268684662739868801e-03
6.239999999999999991e-01 5.657887669590198725e-03 1.359679976481211134e-03
6.245000000000000551e-01 5.831996696661584205e-03 1.391178354314752744e-03
6.250000000000000000e-01 6.002244379524871928e-03 1.406927543231523657e-03
6.254999999999999449e-01 6.166636159940405183e-03 1.436676011185423910e-03
6.260000000000000009e-01 6.323257054096492573e-03 1.480423758176453936e-03
6.265000000000000568e-01 6.470292058727764722e-03 1.368429525879417269e-03
6.270000000000000018e-01 6.606044943712592599e-03 1.454175109981835964e-03
6.274999999999999467e-01 6.728955134835901998e-03 1.483923577935736217e-03
6.280000000000000027e-01 6.837612490026246000e-03 1.513672045889636686e-03
6.285000000000000586e-01 6.930769885295139099e-03 1.370179435759058409e-03
6.290000000000000036e-01 7.007353635612614644e-03 1.326431688768028383e-03
6.294999999999999485e-01 7.066471863959603895e-03 1.331681418406952021e-03
6.300000000000000044e-01 7.107420985156758832e-03 1.291433491175204493e-03
6.305000000000000604e-01 7.129690482310925732e-03 1.270434572619510158e-03
6.310000000000000053e-01 7.132966123151251482e-03 1.179439258878167826e-03
6.314999999999999503e-01 7.117131699336962103e-03 1.151440700803908496e-03
6.320000000000000062e-01 7.082269288639332465e-03 1.132191692127855519e-03
6.325000000000000622e-01 7.028657956073628907e-03 9.974486313954831606e-04
6.330000000000000071e-01 6.956770744149291807e-03 9.309520559691175515e-04
6.334999999999999520e-01 6.867269769658527513e-03 8.854543990984463852e-04
6.340000000000000080e-01 6.760999253839665608e-03 9.117030472930643574e-04
6.345000000000000639e-01 6.638976365410967535e-03 8.679553003020344399e-04
6.350000000000000089e-01 6.502379844870903244e-03 8.312071928295693005e-04
6.354999999999999538e-01 6.352536489917162167e-03 8.312071928295693005e-04
6.360000000000000098e-01 6.190905698132163210e-03 8.207077335517221333e-04
6.365000000000000657e-01 6.019062365846725680e-03 7.822097161996157452e-04
6.370000000000000107e-01 5.838678515728723539e-03 7.857095359588981342e-04
6.374999999999999556e-01 5.651504060144821318e-03 8.014587248756689392e-04
6.380000000000000115e-01 5.459347099959791123e-03 8.697052101816756886e-04
6.385000000000000675e-01 5.264054113887717615e-03 8.084583643942337174e-04
6.390000000000000124e-01 5.067490322742431753e-03 8.574558410241872727e-04
6.394999999999999574e-01 4.871520430743491066e-03 8.487062916259812458e-04
6.400000000000000133e-01 4.677989868030859449e-03 9.064533176541408280e-04
6.405000000000000693e-01 4.488706598139317015e-03 9.886990819972772421e-04
6.410000000000000142e-01 4.305423520177976277e-03 1.056945567303283883e-03
6.414999999999999591e-01 4.129821490672528315e-03 9.537008844044531346e-04
6.420000000000000151e-01 3.963493011214090644e-03 1.090193855016466633e-03
6.425000000000000711e-01 3.807926667040259939e-03 1.125192052609290524e-03
6.430000000000000160e-01 3.664492447382958467e-03 1.158440340322473491e-03
6.434999999999999609e-01 3.534428119386778290e-03 1.237186284906327408e-03
6.440000000000000169e-01 3.418826854154699037e-03 1.202188087313503300e-03
6.445000000000000728e-01 3.318626310317636038e-03 1.153190610683549853e-03
6.450000000000000178e-01 3.234599366368801510e-03 1.154940520563190994e-03
6.454999999999999627e-01 3.167346661148078696e-03 1.186438898396732604e-03
6.460000000000000187e-01 3.117291058782407226e-03 1.223187005869197635e-03
6.465000000000000746e-01 3.084674107927442080e-03 1.083194215497901855e-03
6.470000000000000195e-01 3.069554522537082126e-03 1.154940520563190994e-03
6.474999999999999645e-01 3.071808677541084959e-03 1.158440340322473491e-03
6.480000000000000204e-01 3.091133089382858568e-03 1.174189529239244188e-03
6.485000000000000764e-01 3.127048836618864791e-03 1.060445387062566381e-03
6.490000000000000213e-01 3.178907865353858362e-03 1.069194936460772299e-03
6.494999999999999662e-01 3.245901112649172797e-03 1.053445747544001386e-03
6.500000000000000222e-01 3.327068363210829768e-03 9.397016053673235784e-04
6.505000000000000782e-01 3.421309727795196053e-03 9.239524164505527734e-04
6.510000000000000231e-01 3.527398596201819416e-03 9.537008844044531346e-04
6.514999999999999680e-01 3.643995877205731364e-03 8.977037682559348012e-04
6.519999999999999130e-01 3.769665298794844070e-03 8.662053904223932996e-04
6.524999999999999689e-01 3.902889512382266054e-03 7.927091754774629124e-04
6.530000000000000249e-01 4.042086731404651544e-03 8.539560212649048836e-04
6.534999999999999698e-01 4.185627642539076557e-03 7.629607075235625511e-04
6.539999999999999147e-01 4.331852357381655270e-03 7.244626901714561629e-04
6.544999999999999707e-01 4.479087220004366807e-03 7.349621494493033301e-04
6.550000000000000266e-01 4.625661343386106537e-03 6.964641320971969420e-04
6.554999999999999716e-01 4.769922804591257559e-03 7.717102569217685780e-04
6.559999999999999165e-01 4.910254473375817892e-03 6.299675566708314413e-04
6.564999999999999725e-01 5.045089471990268047e-03 6.842147629397086345e-04
6.570000000000000284e-01 5.172926259565504940e-03 6.614659345043730513e-04
6.574999999999999734e-01 5.292343302230186758e-03 6.894644925786321639e-04
6.579999999999999183e-01 5.402013235439399527e-03 7.734601668014097183e-04
6.584999999999999742e-01 5.500716358377057309e-03 7.437116988475093570e-04
6.590000000000000302e-01 5.587353235428217484e-03 8.049585446349513283e-04
6.594999999999999751e-01 5.660956130938327863e-03 8.242075533110045224e-04
6.599999999999999201e-01 5.720698982930140682e-03 8.767048497002404668e-04
6.604999999999999760e-01 5.765905636601259543e-03 9.659502535619415506e-04
6.610000000000000320e-01 5.796056110418633389e-03 9.187026868116292440e-04
6.614999999999999769e-01 5.810790750840118084e-03 1.023697279590101133e-03
6.619999999999999218e-01 5.809912234613748110e-03 9.851992622379947447e-04
6.624999999999999778e-01 5.793385484859039924e-03 9.449513350062472162e-04
6.630000000000000338e-01 5.761335662299697964e-03 9.677001634415827993e-04
6.634999999999999787e-01 5.714044461672272181e-03 9.904489918769183825e-04
6.639999999999999236e-01 5.651944975756512807e-03 1.025447189469742273e-03
6.644999999999999796e-01 5.575615382446558708e-03 1.009698000552971577e-03
6.650000000000000355e-01 5.485771667681944852e-03 1.007948090673330219e-03
6.654999999999999805e-01 5.383259529071592574e-03 1.067445026581131159e-03
6.659999999999999254e-01 5.269045526206545330e-03 1.062195296942207521e-03
6.664999999999999813e-01 5.144207470076453924e-03 1.004448270914047939e-03
6.670000000000000373e-01 5.009923990338150356e-03 1.013197820312253857e-03
6.674999999999999822e-01 4.867463195947282530e-03 9.799495325990711068e-04
6.679999999999999272e-01 4.718170356386730720e-03 9.502010646451707456e-04
6.684999999999999831e-01 4.563454575294970290e-03 8.644554805427520508e-04
6.690000000000000391e-01 4.404774497572980403e-03 8.942039484966524121e-04
6.694999999999999840e-01 4.243623172600394233e-03 8.714551200613168290e-04
6.699999999999999289e-01 4.081512275786919157e-03 8.014587248756689392e-04
6.704999999999999849e-01 3.919955955013705411e-03 8.102082742738748577e-04
6.710000000000000409e-01 3.760454607619703130e-03 7.244626901714561629e-04
6.714999999999999858e-01 3.604478902512116192e-03 7.717102569217685780e-04
6.719999999999999307e-01 3.453454341398452809e-03 7.612107976439213023e-04
6.724999999999999867e-01 3.308746608820301027e-03 6.667156641432965807e-04
6.730000000000000426e-01 3.171647902000525581e-03 6.474666554672433866e-04
6.734999999999999876e-01 3.043364369399669065e-03 6.054688183558547179e-04
6.739999999999999325e-01 2.925004731488733446e-03 6.387171060690374682e-04
6.744999999999999885e-01 2.817570116101264163e-03 6.019689985965723288e-04
6.750000000000000444e-01 2.721945117450686683e-03 5.949693590780074422e-04
6.754999999999999893e-01 2.638890081891692285e-03 6.072187282354958582e-04
6.759999999999999343e-01 2.569034630539214579e-03 6.229679171522666632e-04
6.764999999999999902e-01 2.512872442403147732e-03 6.089686381151371069e-04
6.770000000000000462e-01 2.470757334639198805e-03 5.949693590780074422e-04
6.774999999999999911e-01 2.442900682884172840e-03 6.439668357079609976e-04
6.779999999999999361e-01 2.429370220930168831e-03 6.019689985965723288e-04
6.784999999999999920e-01 2.430090244800978301e-03 6.772151234211438563e-04
6.790000000000000480e-01 2.444843224191690315e-03 7.314623296900209411e-04
6.794999999999999929e-01 2.473272798870003453e-03 7.262126000510974117e-04
6.799999999999999378e-01 2.514888114385033843e-03 6.894644925786321639e-04
6.804999999999999938e-01 2.569069434866382701e-03 7.174630506528913848e-04
6.810000000000000497e-01 2.635074963334991475e-03 8.277073730702869114e-04
6.814999999999999947e-01 2.712048801496328831e-03 8.364569224684928299e-04
6.819999999999999396e-01 2.799029988340836009e-03 8.207077335517221333e-04
6.824999999999999956e-01 2.894962564843992815e-03 7.892093557181805233e-04
6.830000000000000515e-01 2.998706614660470379e-03 9.064533176541408280e-04
6.834999999999999964e-01 3.109050222755003600e-03 8.662053904223932996e-04
6.839999999999999414e-01 3.224722272488637735e-03 8.434565619870577164e-04
6.844999999999999973e-01 3.344405967157812985e-03 9.327019658487588002e-04
6.850000000000000533e-01 3.466752918331088285e-03 9.309520559691175515e-04
6.854999999999999982e-01 3.590397597562870659e-03 8.819545793391639962e-04
6.859999999999999432e-01 3.713971908958575447e-03 8.907041287373700230e-04
6.864999999999999991e-01 3.836119616347309375e-03 7.384619692085857192e-04
6.870000000000000551e-01 3.955510357233959183e-03 7.822097161996157452e-04
6.875000000000000000e-01 4.070852999386503045e-03 8.172079137924396358e-04
6.879999999999999449e-01 4.180908143415115394e-03 8.312071928295693005e-04
6.885000000000000009e-01 4.284499639919596252e-03 7.227127802918150226e-04
6.890000000000000568e-01 4.380525062877429522e-03 7.612107976439213023e-04
6.895000000000000018e-01 4.467965150047547261e-03 6.369671961893962195e-04
6.899999999999999467e-01 4.545892274602172760e-03 6.142183677540606363e-04
6.905000000000000027e-01 4.613478040777775104e-03 6.054688183558547179e-04
6.910000000000000586e-01 4.670000095234956745e-03 6.387171060690374682e-04
6.915000000000000036e-01 4.714848215683747554e-03 6.527163851061670245e-04
6.919999999999999485e-01 4.747529685346020718e-03 5.949693590780074422e-04
6.925000000000000044e-01 4.767673896688132650e-03 5.092237749755887475e-04
6.930000000000000604e-01 4.775036063859943239e-03 5.722205306426718591e-04
6.935000000000000053e-01 4.769499873852522422e-03 5.687207108833894700e-04
6.939999999999999503e-01 4.751078882572474030e-03 5.354724231702067197e-04
6.945000000000000062e-01 4.719916470359524982e-03 5.827199899205191347e-04
6.950000000000000622e-01 4.676284212705282377e-03 6.247178270319078035e-04
6.955000000000000071e-01 4.620578590863887516e-03 6.054688183558547179e-04
6.959999999999999520e-01 4.553316053454988660e-03 6.562162048654494135e-04
6.965000000000000080e-01 4.475126530677938502e-03 5.564713417259011625e-04
6.970000000000000639e-01 4.386745583331384986e-03 5.669708010037483297e-04
6.975000000000000089e-01 4.289005427295313096e-03 5.494717022073362760e-04
6.979999999999999538e-01 4.182825102379998834e-03 6.107185479947782472e-04
6.985000000000000098e-01 4.069200049827603229e-03 6.737153036618614673e-04
6.990000000000000657e-01 3.949191328410360004e-03 7.122133210139677470e-04
6.995000000000000107e-01 3.823914643188894812e-03 6.667156641432965807e-04
6.999999999999999556e-01 3.694529295129240706e-03 7.017138617361205798e-04
7.005000000000000115e-01 3.562227096601612835e-03 7.139632308936089957e-04
7.010000000000000675e-01 3.428221248715414542e-03 7.594608877642801620e-04
7.015000000000000124e-01 3.293735149599515393e-03 7.349621494493033301e-04
7.019999999999999574e-01 3.159991101597537256e-03 7.227127802918150226e-04
7.025000000000000133e-01 3.028198908374026780e-03 7.454616087271506058e-04
7.030000000000000693e-01 2.899544394138869538e-03 7.629607075235625511e-04
7.035000000000000142e-01 2.775177927578957419e-03 7.944590853571041611e-04
7.039999999999999591e-01 2.656203082494108109e-03 7.507113383660741351e-04
7.045000000000000151e-01 2.543665606305308552e-03 7.472115186067917461e-04
7.050000000000000711e-01 2.438542889861240823e-03 7.839596260792568855e-04
7.055000000000000160e-01 2.341734134301951334e-03 7.892093557181805233e-04
7.059999999999999609e-01 2.254051394067320847e-03 6.754652135415026076e-04
7.065000000000000169e-01 2.176211643770107479e-03 6.772151234211438563e-04
7.070000000000000728e-01 2.108829977085554391e-03 7.087135012546853579e-04
7.075000000000000178e-01 2.052414005173346795e-03 6.807149431804262454e-04
7.079999999999999627e-01 2.007359486648264881e-03 6.474666554672433866e-04
7.085000000000000187e-01 1.973947194802025407e-03 6.684655740229378295e-04
7.090000000000000746e-01 1.952341011891157996e-03 6.229679171522666632e-04
7.095000000000000195e-01 1.942587233315600089e-03 6.317174665504726901e-04
7.099999999999999645e-01 1.944615062804965237e-03 6.824648530600673857e-04
7.105000000000000204e-01 1.958238278742487157e-03 6.107185479947782472e-04
7.110000000000000764e-01 1.983158047292629504e-03 5.774702602815954969e-04
7.115000000000000213e-01 2.018966847386619717e-03 5.424720626887714978e-04
7.119999999999999662e-01 2.065153455456388010e-03 5.564713417259011625e-04
7.125000000000000222e-01 2.121108916094827622e-03 5.092237749755887475e-04
7.130000000000000782e-01 2.186133402481593886e-03 5.389722429294891088e-04
7.135000000000000231e-01 2.259443852290851911e-03 5.179733243737947744e-04
7.139999999999999680e-01 2.340182255377801918e-03 5.669708010037483297e-04
7.145000000000000240e-01 2.427424471713290899e-03 5.249729638923595525e-04
7.150000000000000799e-01 2.520189472178808142e-03 5.022241354570239694e-04
7.155000000000000249e-01 2.617448918465250986e-03 4.969744058181003316e-04
7.159999999999999698e-01 2.718137026413902559e-03 5.389722429294891088e-04
7.164999999999999147e-01 2.821160683078135795e-03 5.109736848552299962e-04
7.169999999999999707e-01 2.925409804745037010e-03 5.424720626887714978e-04
7.175000000000000266e-01 3.029767925648537471e-03 5.827199899205191347e-04
7.179999999999999716e-01 3.133122992332304773e-03 5.634709812444659406e-04
7.184999999999999165e-01 3.234378307333993317e-03 6.352172863097550791e-04
7.189999999999999725e-01 3.332463522512036595e-03 5.722205306426718591e-04
7.195000000000000284e-01 3.426345534433614896e-03 6.527163851061670245e-04
7.199999999999999734e-01 3.515039091040163006e-03 6.107185479947782472e-04
7.204999999999999183e-01 3.597616889536017423e-03 6.054688183558547179e-04
7.209999999999999742e-01 3.673218937460409443e-03 6.824648530600673857e-04
7.215000000000000302e-01 3.741060966107890347e-03 7.297124198103798007e-04
7.219999999999999751e-01 3.800441727355433150e-03 6.194680973929842741e-04
7.224999999999999201e-01 3.850749066499600196e-03 6.789650333007849967e-04
7.229999999999999760e-01 3.891464736087900562e-03 7.122133210139677470e-04
7.235000000000000320e-01 3.922167987862902432e-03 6.439668357079609976e-04
7.239999999999999769e-01 3.942538040476651316e-03 6.544662949858082732e-04
7.244999999999999218e-01 3.952355560062461963e-03 6.562162048654494135e-04
7.249999999999999778e-01 3.951503303193914726e-03 6.649657542636554404e-04
7.255000000000000338e-01 3.939966056121302525e-03 6.544662949858082732e-04
7.259999999999999787e-01 3.917829964399249972e-03 6.474666554672433866e-04
7.264999999999999236e-01 3.885281291406074596e-03 6.159682776337018851e-04
7.269999999999999796e-01 3.842604583953959305e-03 5.967192689576486910e-04
7.275000000000000355e-01 3.790180170152847739e-03 5.932194491983663019e-04
7.279999999999999805e-01 3.728480879489307499e-03 5.652208911241070810e-04
7.284999999999999254e-01 3.658067864976326765e-03 5.617210713648246919e-04
7.289999999999999813e-01 3.579585424883742050e-03 5.424720626887714978e-04
7.295000000000000373e-01 3.493754764609031428e-03 4.899747662995355534e-04
7.299999999999999822e-01 3.401366700817690190e-03 5.529715219666186650e-04
7.304999999999999272e-01 3.303273380016203634e-03 5.897196294390839129e-04
7.309999999999999831e-01 3.200379150879325684e-03 4.602262983456351922e-04
7.315000000000000391e-01 3.093630783394692857e-03 4.864749465402531644e-04
7.319999999999999840e-01 2.984007260339056194e-03 4.514767489474292195e-04
7.324999999999999289e-01 2.872509373870700978e-03 4.357275600306584145e-04
7.329999999999999849e-01 2.760149342727967036e-03 4.444771094288643871e-04
7.335000000000000409e-01 2.647938983702460055e-03 5.092237749755887475e-04
7.339999999999999858e-01 2.536880494635745161e-03 4.199783711138876095e-04
7.344999999999999307e-01 2.427958088854793774e-03 4.882248564198943589e-04
7.349999999999999867e-01 2.322127537720165922e-03 4.847250366606119698e-04
7.355000000000000426e-01 2.220307012584990265e-03 4.602262983456351922e-04
7.359999999999999876e-01 2.123368137616023221e-03 5.004742255773827206e-04
7.364999999999999325e-01 2.032127175561870055e-03 4.339776501510172199e-04
7.369999999999999885e-01 1.947336276199654976e-03 4.409772896695819981e-04
7.375000000000000444e-01 1.869674737844191116e-03 4.724756675031236081e-04
7.379999999999999893e-01 1.799740261630079340e-03 5.407221528091303575e-04
7.384999999999999343e-01 1.738040212470735174e-03 5.092237749755887475e-04
7.389999999999999902e-01 1.684982937474070828e-03 4.567264785863528031e-04
7.395000000000000462e-01 1.640869232152115118e-03 5.897196294390839129e-04
7.399999999999999911e-01 1.605884089046304749e-03 5.792201701612367457e-04
7.404999999999999361e-01 1.580088915639830125e-03 5.337225132905655794e-04
7.409999999999999920e-01 1.563414471658747598e-03 6.369671961893962195e-04
7.415000000000000480e-01 1.555654851178914309e-03 5.949693590780074422e-04
7.419999999999999929e-01 1.556462919965229206e-03 5.634709812444659406e-04
7.424999999999999378e-01 1.565347706203315146e-03 6.369671961893962195e-04
7.429999999999999938e-01 1.581674321442251866e-03 6.002190887169310800e-04
7.435000000000000497e-01 1.604667042308164510e-03 5.879697195594426641e-04
7.439999999999999947e-01 1.633416194333183174e-03 5.704706207630307188e-04
7.444999999999999396e-01 1.666889429559769223e-03 5.704706207630307188e-04
7.449999999999999956e-01 1.703947865670172191e-03 5.739704405223131078e-04
7.455000000000000515e-01 1.743367349477443085e-03 5.232230540127183038e-04
7.459999999999999964e-01 1.783864824538033576e-03 5.389722429294891088e-04
7.464999999999999414e-01 1.824129435374506267e-03 5.442219725684127466e-04
7.469999999999999973e-01 1.862857614398920727e-03 5.337225132905655794e-04
7.475000000000000533e-01 1.898791006516805258e-03 5.617210713648246919e-04
7.479999999999999982e-01 1.930755730924401227e-03 4.794753070216883862e-04
7.484999999999999432e-01 1.957701201399967509e-03 4.934745860588179425e-04
7.489999999999999991e-01 1.978736562933883138e-03 3.622313450857280815e-04
7.495000000000000551e-01 1.993162781948927629e-03 4.672259378641999703e-04
7.500000000000000000e-01 2.000498563949574399e-03 4.374774699102996090e-04
