;   
;  IMD Data
;   
;  Saved on Fri Jul  9 11:33:44 2010
;   
;  Structure: 
;   
;  Si layer (1), z=100.0000 A, sigma=4.0000 A (err. fun.)
;  [Mo/B4C] multilayer, N=500, d=15.0000 A, Gamma=0.300
;      Mo layer (2), rho=10.200 g/cm3, z=4.5000 A, sigma(Si/Mo)=2.0000 A (err. fun.), sigma(B4C/Mo)=2.0000 A (err. fun.)
;      B4C layer (3), rho=2.520 g/cm3, z=10.5000 A, sigma=3.0000 A (err. fun.)
;  Si substrate, sigma=1.0000 A (err. fun.)
;   
;  delta(theta)=0.0010 deg, f=1.0000
;   
;  E=8000.000 eV
;   
;  Theta [deg] 	R
;-----------------
       2.8000000        0.0000000
       2.8007778        0.0000000
       2.8015556        0.0000000
       2.8023333    0.00025301128
       2.8031111    0.00026110877
       2.8038889    0.00021535915
       2.8046667    0.00014578528
       2.8054444    9.8509975e-05
       2.8062222    0.00010578631
       2.8070000    0.00016463314
       2.8077778    0.00023822822
       2.8085556    0.00027950826
       2.8093333    0.00026184778
       2.8101111    0.00019683099
       2.8108889    0.00012728257
       2.8116667    9.9716902e-05
       2.8124444    0.00013390604
       2.8132222    0.00020947156
       2.8140000    0.00027858419
       2.8147778    0.00029686674
       2.8155556    0.00025253487
       2.8163333    0.00017466469
       2.8171111    0.00011483138
       2.8178889    0.00011368429
       2.8186667    0.00017410047
       2.8194444    0.00025864738
       2.8202222    0.00031344074
       2.8210000    0.00030319024
       2.8217778    0.00023465228
       2.8225556    0.00015293913
       2.8233333    0.00011262619
       2.8241111    0.00014212884
       2.8248889    0.00022459033
       2.8256667    0.00030813012
       2.8264444    0.00033924770
       2.8272222    0.00029787397
       2.8280000    0.00021113458
       2.8287778    0.00013643494
       2.8295556    0.00012437470
       2.8303333    0.00018541933
       2.8311111    0.00028227905
       2.8318889    0.00035348747
       2.8326667    0.00035327313
       2.8334444    0.00028187217
       2.8342222    0.00018625211
       2.8350000    0.00013021156
       2.8357778    0.00015284525
       2.8365556    0.00024239421
       2.8373333    0.00034296934
       2.8381111    0.00039037351
       2.8388889    0.00035406037
       2.8396667    0.00025783889
       2.8404444    0.00016535018
       2.8412222    0.00013911723
       2.8420000    0.00019947060
       2.8427778    0.00031032622
       2.8435556    0.00040172569
       2.8443333    0.00041507108
       2.8451111    0.00034181579
       2.8458889    0.00023012229
       2.8466667    0.00015446089
       2.8474444    0.00016727574
       2.8482222    0.00026405203
       2.8490000    0.00038505034
       2.8497778    0.00045336276
       2.8505556    0.00042504621
       2.8513333    0.00031869059
       2.8521111    0.00020460614
       2.8528889    0.00015981671
       2.8536667    0.00021759763
       2.8544444    0.00034460019
       2.8552222    0.00046125882
       2.8560000    0.00049302963
       2.8567778    0.00041947204
       2.8575556    0.00028893059
       2.8583333    0.00018840691
       2.8591111    0.00018730540
       2.8598889    0.00029136314
       2.8606667    0.00043733970
       2.8614444    0.00053295449
       2.8622222    0.00051685453
       2.8630000    0.00039968520
       2.8637778    0.00025888122
       2.8645556    0.00018944845
       2.8653333    0.00024191214
       2.8661111    0.00038792004
       2.8668889    0.00053689275
       2.8676667    0.00059404426
       2.8684444    0.00052261409
       2.8692222    0.00036954798
       2.8700000    0.00023685038
       2.8707778    0.00021594906
       2.8715556    0.00032719770
       2.8723333    0.00050453205
       2.8731111    0.00063664679
       2.8738889    0.00063905012
       2.8746667    0.00051039778
       2.8754444    0.00033570434
       2.8762222    0.00023284857
       2.8770000    0.00027586550
       2.8777778    0.00044486013
       2.8785556    0.00063640450
       2.8793333    0.00072930322
       2.8801111    0.00066391686
       2.8808889    0.00048325196
       2.8816667    0.00030773872
       2.8824444    0.00025824336
       2.8832222    0.00037634544
       2.8840000    0.00059442302
       2.8847778    0.00077690566
       2.8855556    0.00080760296
       2.8863333    0.00066690838
       2.8871111    0.00044781247
       2.8878889    0.00029827322
       2.8886667    0.00032538395
       2.8894444    0.00052324476
       2.8902222    0.00077308782
       2.8910000    0.00091799729
       2.8917778    0.00086523442
       2.8925556    0.00064961277
       2.8933333    0.00041497388
       2.8941111    0.00032307544
       2.8948889    0.00044727289
       2.8956667    0.00072076925
       2.8964444    0.00097578210
       2.8972222     0.0010508932
       2.8980000    0.00089795840
       2.8987778    0.00061812990
       2.8995556    0.00040070801
       2.9003333    0.00040130332
       2.9011111    0.00063739147
       2.9018889    0.00097130518
       2.9026667     0.0011954370
       2.9034444     0.0011669888
       2.9042222    0.00090505053
       2.9050000    0.00058461755
       2.9057778    0.00042725574
       2.9065556    0.00055610195
       2.9073333    0.00090983079
       2.9081111     0.0012755161
       2.9088889     0.0014235425
       2.9096667     0.0012591698
       2.9104444    0.00089130086
       2.9112222    0.00056956975
       2.9120000    0.00052512336
       2.9127778    0.00081592694
       2.9135556     0.0012799652
       2.9143333     0.0016328161
       2.9151111     0.0016510849
       2.9158889     0.0013237671
       2.9166667    0.00087011103
       2.9174444    0.00060560833
       2.9182222    0.00073673005
       2.9190000     0.0012172856
       2.9197778     0.0017660756
       2.9205556     0.0020424128
       2.9213333     0.0018701185
       2.9221111     0.0013638036
       2.9228889    0.00086891254
       2.9236667    0.00074446920
       2.9244444     0.0011234550
       2.9252222     0.0018102658
       2.9260000     0.0023926997
       2.9267778     0.0025053295
       2.9275556     0.0020766295
       2.9283333     0.0013951469
       2.9291111    0.00093980434
       2.9298889     0.0010710217
       2.9306667     0.0017799565
       2.9314444     0.0026697957
       2.9322222     0.0031973523
       2.9330000     0.0030283807
       2.9337778     0.0022765224
       2.9345556     0.0014598662
       2.9353333     0.0011828140
       2.9361111     0.0017338399
       2.9368889     0.0028651225
       2.9376667     0.0039195663
       2.9384444     0.0042444471
       2.9392222     0.0036327640
       2.9400000     0.0025003118
       2.9407778     0.0016594321
       2.9415556     0.0018027940
       2.9423333     0.0030186049
       2.9431111     0.0046748290
       2.9438889     0.0057867453
       2.9446667     0.0056564328
       2.9454444     0.0043757251
       2.9462222     0.0028460895
       2.9470000     0.0022505073
       2.9477778     0.0032685771
       2.9485556     0.0055477144
       2.9493333     0.0078340572
       2.9501111     0.0087414475
       2.9508889     0.0076924405
       2.9516667     0.0054186834
       2.9524444     0.0036344519
       2.9532222     0.0039791054
       2.9540000     0.0068460444
       2.9547778      0.010924999
       2.9555556      0.013893661
       2.9563333      0.013910739
       2.9571111      0.010989376
       2.9578889     0.0073254450
       2.9586667     0.0061580167
       2.9594444     0.0096174997
       2.9602222      0.016926377
       2.9610000      0.024416657
       2.9617778      0.027671874
       2.9625556      0.024610593
       2.9633333      0.017665344
       2.9641111      0.013374288
       2.9648889      0.018631183
       2.9656667      0.035214190
       2.9664444      0.056769424
       2.9672222      0.071549250
       2.9680000      0.070284260
       2.9687778      0.056310792
       2.9695556      0.052584146
       2.9703333      0.093141053
       2.9711111       0.19349067
       2.9718889       0.32966926
       2.9726667       0.45828249
       2.9734444       0.55169266
       2.9742222       0.60683227
       2.9750000       0.63239470
       2.9757778       0.63737494
       2.9765556       0.62740092
       2.9773333       0.60493448
       2.9781111       0.57011014
       2.9788889       0.52138499
       2.9796667       0.45635259
       2.9804444       0.37368255
       2.9812222       0.27707737
       2.9820000       0.17960796
       2.9827778       0.10200960
       2.9835556      0.060231432
       2.9843333      0.052013013
       2.9851111      0.058992375
       2.9858889      0.062268369
       2.9866667      0.054067745
       2.9874444      0.037914897
       2.9882222      0.022365995
       2.9890000      0.014271246
       2.9897778      0.014830505
       2.9905556      0.019951675
       2.9913333      0.023897642
       2.9921111      0.023132077
       2.9928889      0.017907258
       2.9936667      0.011295372
       2.9944444     0.0068174872
       2.9952222     0.0062179692
       2.9960000     0.0086487096
       2.9967778      0.011586561
       2.9975556      0.012648530
       2.9983333      0.011015694
       2.9991111     0.0076827323
       2.9998889     0.0045955552
       3.0006667     0.0033371408
       3.0014444     0.0041906837
       3.0022222     0.0061162478
       3.0030000     0.0075562543
       3.0037778     0.0074599795
       3.0045556     0.0058653004
       3.0053333     0.0037486051
       3.0061111     0.0023226746
       3.0068889     0.0022605896
       3.0076667     0.0033280514
       3.0084444     0.0046185215
       3.0092222     0.0051850484
       3.0100000     0.0046312923
       3.0107778     0.0033025469
       3.0115556     0.0020031874
       3.0123333     0.0014563430
       3.0131111     0.0018584492
       3.0138889     0.0027995337
       3.0146667     0.0035709755
       3.0154444     0.0036336439
       3.0162222     0.0029394858
       3.0170000     0.0019215204
       3.0177778     0.0011865134
       3.0185556     0.0011220461
       3.0193333     0.0016686397
       3.0201111     0.0023894489
       3.0208889     0.0027723797
       3.0216667     0.0025566007
       3.0224444     0.0018776534
       3.0232222     0.0011551073
       3.0240000    0.00081037270
       3.0247778     0.0010012531
       3.0255556     0.0015391756
       3.0263333     0.0020303845
       3.0271111     0.0021372187
       3.0278889     0.0017867609
       3.0286667     0.0012000130
       3.0294444    0.00073511281
       3.0302222    0.00065353795
       3.0310000    0.00096042605
       3.0317778     0.0014160112
       3.0325556     0.0017013176
       3.0333333     0.0016240428
       3.0341111     0.0012325158
       3.0348889    0.00077184639
       3.0356667    0.00051860852
       3.0364444    0.00060424010
       3.0372222    0.00093931426
       3.0380000     0.0012817223
       3.0387778     0.0013979489
       3.0395556     0.0012102536
       3.0403333    0.00083778512
       3.0411111    0.00051142326
       3.0418889    0.00042216875
       3.0426667    0.00060191699
       3.0434444    0.00091078976
       3.0442222     0.0011341180
       3.0450000     0.0011221084
       3.0457778    0.00088161927
       3.0465556    0.00056451902
       3.0473333    0.00036485475
       3.0481111    0.00039382033
       3.0488889    0.00061274341
       3.0496667    0.00086426631
       3.0504444    0.00097756097
       3.0512222    0.00087734410
       3.0520000    0.00062746628
       3.0527778    0.00038446793
       3.0535556    0.00029429316
       3.0543333    0.00039991693
       3.0551111    0.00061820298
       3.0558889    0.00079797527
       3.0566667    0.00081894491
       3.0574444    0.00066688271
       3.0582222    0.00043839682
       3.0590000    0.00027516665
       3.0597778    0.00027205523
       3.0605556    0.00041848226
       3.0613333    0.00060919390
       3.0621111    0.00071492842
       3.0628889    0.00066560552
       3.0636667    0.00049266146
       3.0644444    0.00030526510
       3.0652222    0.00021797513
       3.0660000    0.00027754573
       3.0667778    0.00043554593
       3.0675556    0.00058266263
       3.0683333    0.00062056556
       3.0691111    0.00052414894
       3.0698889    0.00035492646
       3.0706667    0.00021883138
       3.0714444    0.00019716271
       3.0722222    0.00029555129
       3.0730000    0.00044292665
       3.0737778    0.00053947038
       3.0745556    0.00052125466
       3.0753333    0.00039978817
       3.0761111    0.00025217463
       3.0768889    0.00016979414
       3.0776667    0.00019951892
       3.0784444    0.00031520621
       3.0792222    0.00043673728
       3.0800000    0.00048290685
       3.0807778    0.00042328200
       3.0815556    0.00029600779
       3.0823333    0.00018132136
       3.0831111    0.00014902497
       3.0838889    0.00021420919
       3.0846667    0.00032927433
       3.0854444    0.00041626167
       3.0862222    0.00041758108
       3.0870000    0.00033216810
       3.0877778    0.00021446765
       3.0885556    0.00013801726
       3.0893333    0.00014789300
       3.0901111    0.00023271505
       3.0908889    0.00033356450
       3.0916667    0.00038303649
       3.0924444    0.00034856600
       3.0932222    0.00025223118
       3.0940000    0.00015509007
       3.0947778    0.00011705382
       3.0955556    0.00015860044
       3.0963333    0.00024876744
       3.0971111    0.00032639051
       3.0978889    0.00034006461
       3.0986667    0.00028074209
       3.0994444    0.00018635505
       3.1002222    0.00011628652
       3.1010000    0.00011280645
       3.1017778    0.00017447452
       3.1025556    0.00025822503
       3.1033333    0.00030803943
       3.1041111    0.00029113403
       3.1048889    0.00021831640
       3.1056667    0.00013593046
       3.1064444    9.5282359e-05
       3.1072222    0.00011966979
       3.1080000    0.00019017940
       3.1087778    0.00025887787
       3.1095556    0.00028024332
       3.1103333    0.00024024035
       3.1111111    0.00016450463
       3.1118889    0.00010094082
       3.1126667    8.8498851e-05
       3.1134444    0.00013244742
       3.1142222    0.00020182774
       3.1150000    0.00025017715
       3.1157778    0.00024566627
       3.1165556    0.00019111954
       3.1173333    0.00012136490
       3.1181111    8.0161085e-05
       3.1188889    9.1953050e-05
       3.1196667    0.00014666690
       3.1204444    0.00020698530
       3.1212222    0.00023290527
       3.1220000    0.00020742687
       3.1227778    0.00014689886
       3.1235556    8.9768057e-05
       3.1243333    7.1435708e-05
       3.1251111    0.00010163951
       3.1258889    0.00015880059
       3.1266667    0.00020457443
       3.1274444    0.00020880940
       3.1282222    0.00016867845
       3.1290000    0.00010986964
       3.1297778    6.9484023e-05
       3.1305556    7.2000701e-05
       3.1313333    0.00011386339
       3.1321111    0.00016638350
       3.1328889    0.00019469164
       3.1336667    0.00018022555
       3.1344444    0.00013226613
       3.1352222    8.1378955e-05
       3.1360000    5.9358528e-05
       3.1367778    7.8815401e-05
       3.1375556    0.00012550216
       3.1383333    0.00016802922
       3.1391111    0.00017836180
       3.1398889    0.00014972088
       3.1406667    0.00010047471
       3.1414444    6.1830041e-05
       3.1422222    5.7551072e-05
       3.1430000    8.8873223e-05
       3.1437778    0.00013418181
       3.1445556    0.00016335415
       3.1453333    0.00015725528
       3.1461111    0.00011977868
       3.1468889    7.4873410e-05
       3.1476667    5.0774281e-05
       3.1484444        0.0000000
       3.1492222        0.0000000
       3.1500000        0.0000000
