0.5	1562588.2
0.51	1582973.2
0.52	1601875.5
0.53	1619414.7
0.54	1638414.5
0.55	1647006.2
0.56	1663968.5
0.57	1655488.2
0.58	1649018.5
0.59	1626614.7
0.6	1601624.2
0.61	1525353
0.62	1410796.5
0.63	1226201.5
0.64	1069624.2
0.65	908933.5
0.66	737778.5
0.67	612553.5
0.68	517384
0.69	445337.7
0.7	389451.2
0.71	344656.5
0.72	303267.7
0.73	271283.5
0.74	243734
0.75	221926.2
0.76	199748.5
0.77	183093.6
0.78	167828.3
0.79	153712.3
0.8	137410.8
0.81	129822.9
0.82	120471.9
0.83	111985
0.84	104618.3
0.85	97318.5
0.86	90878.3
0.87	85231.1
0.88	79860.6
0.89	75052.4
0.9	70431.9
0.91	66231.8
0.92	62428.5
0.93	58653.4
0.94	55503.7
0.95	52138.5
0.96	49340.6
0.97	46699.15
0.98	44212
0.99	41788.25
1	39610.55
1.01	37473.45
1.02	35658.3
1.03	33893.35
1.04	32038.7
1.05	30649.1
1.06	28974.05
1.07	27600.8
1.08	26329
1.09	25042
1.1	23800.8
1.11	22775.3
1.12	21695.05
1.13	20645.05
1.14	19686.2
1.15	18798.5
1.16	18110.5
1.17	17280.3
1.18	16413
1.19	15844.1
1.2	15087.15
1.21	14393.55
1.22	13733.7
1.23	13255.55
1.24	12705.7
1.25	12088.25
1.26	11576.15
1.27	11165.25
1.28	10582.6
1.29	10273.55
1.3	9864.1
1.31	9417.7
1.32	9075.5
1.33	8692.5
1.34	8382.6
1.35	8062.9
1.36	7796.15
1.37	7436.55
1.38	7202.85
1.39	6968.25
1.4	6709.9
1.41	6481.2
1.42	6146.9
1.43	5958
1.44	5789.3
1.45	5510.8
1.46	5379.05
1.47	5213.15
1.48	4945.8
1.49	4825.2
1.5	4815.45
1.51	4561.5
1.52	4369.7
1.53	4244.75
1.54	4171.55
1.55	3987.1
1.56	3876.1
1.57	3782
1.58	3683
1.59	3577.05
1.6	3515.7
1.61	3315.35
1.62	3268.45
1.63	3246.5
1.64	3133.55
1.65	3001.85
1.66	3009.3
1.67	2910.2
1.68	2862.6
1.69	2751.55
1.7	2649.9
1.71	2649.5
1.72	2523
1.73	2522.1
1.74	2429.1
1.75	2429.75
1.76	2397.75
1.77	2295.3
1.78	2268.8
1.79	2222.95
1.8	2196.7
1.81	2188.2
1.82	2121.65
1.83	2106.05
1.84	2039.9
1.85	2040.9
1.86	1978.45
1.87	1967.85
1.88	1939.75
1.89	1888.85
1.9	1853.5
1.91	1849.2
1.92	1784.25
1.93	1785.85
1.94	1770.55
1.95	1761.2
1.96	1732.4
1.97	1696.45
1.98	1693.55
1.99	1677.95
2	1644.1
2.01	1636.55
2.02	1639.15
2.03	1584.4
2.04	1533.15
2.05	1563.75
2.06	1514.15
2.07	1506.85
2.08	1507.25
2.09	1486.35
2.1	1470.65
2.11	1458.3
2.12	1458.95
2.13	1438.05
2.14	1396
2.15	1427.95
2.16	1396
2.17	1360
2.18	1395.35
2.19	1353.35
2.2	1339.45
2.21	1326
2.22	1315.1
2.23	1310.75
2.24	1284.9
2.25	1253.65
2.26	1256.1
2.27	1260.45
2.28	1229
2.29	1239.55
2.3	1223.4
2.31	1197.1
2.32	1203.05
2.33	1190.3
2.34	1183.9
2.35	1161.25
2.36	1162.45
2.37	1136.4
2.38	1139.5
2.39	1143.1
2.4	1106.8
2.41	1121.85
2.42	1112.05
2.43	1090.45
2.44	1076.85
2.45	1067.8
2.46	1077.45
2.47	1024.3
2.48	1034.95
2.49	1021.6
2.5	1014.45
2.51	1020.05
2.52	994.7
2.53	1001.55
2.54	976.45
2.55	987.1
2.56	986.95
2.57	972.4
2.58	946
2.59	911.5
2.6	946.75
2.61	909.5
2.62	927.5
2.63	914
2.64	915.7
2.65	907.1
2.66	889.9
2.67	882.15
2.68	866.95
2.69	859.4
2.7	846.05
2.71	847.05
2.72	836.95
2.73	837.05
2.74	805.45
2.75	819.65
2.76	813.4
2.77	767.4
2.78	776.95
2.79	738.45
2.8	760.65
2.81	777.95
2.82	739.85
2.83	741.4
2.84	738.2
2.85	716.35
2.86	709.5
2.87	706.5
2.88	689.15
2.89	690.85
2.9	693.75
2.91	672.1
2.92	670.25
2.93	678.7
2.94	661.5
2.95	646.75
2.96	652.15
2.97	635.5
2.98	635.6
2.99	627.7
3	609.4
3.01	597.25
3.02	603.9
3.03	602.45
3.04	570.7
3.05	569.55
3.06	565.9
3.07	564.75
3.08	553.4
3.09	561.15
3.1	530.4
3.11	537.15
3.12	528.5
3.13	507.6
3.14	513.3
3.15	514.35
3.16	491.15
3.17	488.15
3.18	484.25
3.19	493.55
3.2	466.5
3.21	459.45
3.22	453.8
3.23	447.65
3.24	445.35
3.25	442.55
3.26	411.65
3.27	415.8
3.28	399.35
3.29	416
3.3	400.55
3.31	403
3.32	375.5
3.33	383.75
3.34	374.7
3.35	389.15
3.36	364.85
3.37	362.2
3.38	357.2
3.39	362
3.4	348.55
3.41	341.25
3.42	342.3
3.43	333.65
3.44	330.5
3.45	313.6
3.46	319.8
3.47	302.35
3.48	281.2
3.49	299.35
3.5	295.85
3.51	289.5
3.52	290.15
3.53	289.45
3.54	284.35
3.55	271.3
3.56	274.6
3.57	278.95
3.58	257.55
3.59	260.6
3.6	265.5
3.61	258.4
3.62	249.35
3.63	256.05
3.64	242.3
3.65	233.45
3.66	226
3.67	214.9
3.68	228.2
3.69	217.4
3.7	208.5
3.71	215.45
3.72	221.8
3.73	213.25
3.74	209.6
3.75	199.1
3.76	196.05
3.77	189.45
3.78	192.95
3.79	187
3.8	180
3.81	183.3
3.82	167.25
3.83	168.35
3.84	184.05
3.85	172.6
3.86	166.9
3.87	164.35
3.88	159.55
3.89	165.25
3.9	157.35
3.91	153.4
3.92	157
3.93	146.8
3.94	147.1
3.95	144.05
3.96	147.5
3.97	138.95
3.98	123.6
3.99	127.9
4	124.3
4.01	126.5
4.02	129.6
4.03	121.6
4.04	127.75
4.05	111.2
4.06	126.3
4.07	118.3
4.08	112
4.09	113.25
4.1	103.55
4.11	109.95
4.12	101.85
4.13	107.45
4.14	102.1
4.15	107
4.16	101.05
4.17	90.25
4.18	101.7
4.19	97.8
4.2	96.55
4.21	100.2
4.22	94.9
4.23	77.3
4.24	93.2
4.25	86.15
4.26	82.3
4.27	86.05
4.28	79.65
4.29	77.9
4.3	74.55
4.31	78.4
4.32	82.1
4.33	71.55
4.34	79.35
4.35	82.95
4.36	76.75
4.37	74.45
4.38	68.5
4.39	69.8
4.4	69.1
4.41	60.65
4.42	66.9
4.43	63.65
4.44	65.65
4.45	56.9
4.46	64.65
4.47	63.8
4.48	62.75
4.49	54.1
4.5	56.85
4.51	50.45
4.52	52.2
4.53	54.35
4.54	53.25
4.55	61.15
4.56	58.55
4.57	52.25
4.58	42.7
4.59	51.2
4.6	52.85
4.61	52.2
4.62	52.85
4.63	57.5
4.64	49.8
4.65	46.75
4.66	42.15
4.67	48.95
4.68	50.7
4.69	45.9
4.7	42.85
4.71	45.15
4.72	44.05
4.73	45.9
4.74	41
4.75	44.7
4.76	40.35
4.77	42.55
4.78	39.95
4.79	41.75
4.8	43.5
4.81	36.05
4.82	36.95
4.83	41.85
4.84	45.2
4.85	41.35
4.86	38.9
4.87	38.9
4.88	33.85
4.89	36.05
4.9	37.75
4.91	32.55
4.92	39.35
4.93	42.15
4.94	37.45
4.95	39.5
4.96	31.45
4.97	41.75
4.98	32.9
4.99	28.95
5	36.15
5.01	41.8
5.02	30.85
5.03	30.45
5.04	35.8
5.05	36.25
5.06	33.7
5.07	41.5
5.08	32.7
5.09	34.6
5.1	33.75
5.11	28
5.12	33.8
5.13	29.45
5.14	30.8
5.15	31.45
5.16	35.7
5.17	35.1
5.18	32.65
5.19	28.4
5.2	34.4
5.21	28.05
5.22	36.1
5.23	36.5
5.24	30.7
5.25	30.25
5.26	25.8
5.27	26.45
5.28	26.3
5.29	27.9
5.3	21.4
5.31	27.85
5.32	24.25
5.33	30.4
5.34	31.3
5.35	28.75
5.36	27.6
5.37	29.4
5.38	27.7
5.39	20.5
5.4	25.85
5.41	24.45
5.42	23.25
5.43	25.15
5.44	27.65
5.45	27.6
5.46	25.05
5.47	29.05
5.48	28.35
5.49	24.25
5.5	26.45
5.51	26.15
5.52	27.85
5.53	24.65
5.54	21.75
5.55	21.9
5.56	27.6
5.57	20.65
5.58	20.75
5.59	28.3
5.6	19.25
5.61	26.75
5.62	23.65
5.63	28.85
5.64	24.5
5.65	19.35
5.66	25.1
5.67	17.85
5.68	21.85
5.69	18.75
5.7	22.1
5.71	20.85
5.72	18.8
5.73	23.1
5.74	20.1
5.75	19.55
5.76	24.25
5.77	26.75
5.78	24.4
5.79	22.25
5.8	24.35
5.81	18.85
5.82	21.75
5.83	15.1
5.84	18.2
5.85	19
5.86	15.05
5.87	13.95
5.88	19.6
5.89	19.05
5.9	13.6
5.91	18.05
5.92	16.15
5.93	18.25
5.94	16.95
5.95	14.45
5.96	14.05
5.97	21.8
5.98	10.55
5.99	17.75
6	16.4
6.01	21.55
6.02	15.4
6.03	17.3
6.04	20.65
6.05	16.75
6.06	16.6
6.07	14.8
6.08	17.5
6.09	14.05
6.1	14.95
6.11	9.7
6.12	13.7
6.13	18.85
6.14	13.1
6.15	14
6.16	14.3
6.17	13.45
6.18	9.6
6.19	12.75
6.2	18
6.21	10.05
6.22	13.6
6.23	16.5
6.24	13.45
6.25	14.1
6.26	11.25
6.27	9.5
6.28	11.05
6.29	13.65
6.3	8.7
6.31	13.7
6.32	10.55
6.33	10.95
6.34	9.45
6.35	9.35
6.36	12.85
6.37	10.3
6.38	13.7
6.39	12.1
6.4	8.15
6.41	9.45
6.42	5.1
6.43	8.05
6.44	6.3
6.45	8.7
6.46	8.25
6.47	10.25
6.48	12.75
6.49	7.1
6.5	4.4
6.51	8.85
6.52	5.45
6.53	9.4
6.54	3.2
6.55	7
6.56	8.35
6.57	8.5
6.58	12.05
6.59	8.6
6.6	3.95
6.61	4.9
6.62	6.6
6.63	7.9
6.64	8.95
6.65	8.35
6.66	8.5
6.67	5.5
6.68	3.75
6.69	5.25
6.7	8.15
6.71	5
6.72	0.15
6.73	6.45
6.74	7.05
6.75	5.4
6.76	8.7
6.77	5.2
6.78	5.45
6.79	3.1
6.8	3.45
6.81	6.2
6.82	5.15
6.83	5.4
6.84	8.4
6.85	6.65
6.86	2.85
6.87	5.75
6.88	1.5
6.89	1.7
6.9	1.95
6.91	9.35
6.92	5.75
6.93	8.6
6.94	6.2
6.95	2.55
6.96	2.95
6.97	8.05
6.98	4
6.99	5.9
7	5.85
7.01	5.5
7.02	2.65
7.03	4.8
7.04	2.7
7.05	3.4
7.06	3.85
7.07	4.5
7.08	3.65
7.09	2.35
7.1	4.95
7.11	4.1
7.12	4
7.13	2.1
7.14	5.85
7.15	5.9
7.16	5.15
7.17	4.85
7.18	5.6
7.19	1.45
7.2	3.45
7.21	3.8
7.22	2.25
7.23	5.15
7.24	1.55
7.25	3.6
7.26	3.6
7.27	8.2
7.28	3.7
7.29	4.3
7.3	2.3
7.31	3.3
7.32	4.45
7.33	4.5
7.34	4.3
7.35	3.6
7.36	0.6
7.37	5.5
7.38	2.8
7.39	3.75
7.4	2.05
7.41	1.65
7.42	0.15
7.43	6
7.44	2
7.45	4.75
7.46	0.01
7.47	0.199999999999999
7.48	3.55
7.49	0.699999999999999
7.5	0.1
7.51	2.35
7.52	0.0500000000000007
7.53	1
7.54	0.65
7.55	4.7
7.56	0.9
7.57	0.01
7.58	1.25
7.59	5.6
7.6	2.7
7.61	1.1
7.62	4.75
7.63	2.4
7.64	6.3
7.65	0.01
7.66	2
7.67	2.8
7.68	0.6
7.69	2.7
7.7	1.05
7.71	0.01
7.72	1.7
7.73	0.01
7.74	2.7
7.75	0.01
7.76	1.95
7.77	0.01
7.78	3.95
7.79	0.01
7.8	0.01
7.81	0.01
7.82	1.5
7.83	3.7
7.84	0.25
7.85	0.75
7.86	0.65
7.87	0.01
7.88	5.55
7.89	0.01
7.9	3.9
7.91	1.5
7.92	0.9
7.93	0.01
7.94	4.65
7.95	2.7
7.96	0.1
7.97	2.5
7.98	1.7
7.99	1.4
8	2.95
8.01	0.199999999999999
8.02	2.35
8.03	0.01
8.04	2.3
8.05	0.35
8.06	0.01
8.07	1.35
8.08	0.01
8.09	0.01
8.1	1.55
8.11	0.01
8.12	0.01
8.13	2.65
8.14	0.01
8.15	4.95
8.16	2.8
8.17	1.8
8.18	0.15
8.19	3.45
8.2	0.01
8.21	4.5
8.22	4.1
8.23	0.01
8.24	2.85
8.25	0.01
8.26	1.55
8.27	4.2
8.28	1.1
8.29	0.4
8.3	0.5
8.31	1.45
8.32	0.01
8.33	6.95
8.34	0.01
8.35	5.95
8.36	1.15
8.37	0.01
8.38	1.7
8.39	1.55
8.4	0.01
8.41	0.8
8.42	3.05
8.43	0.01
8.44	2.45
8.45	2.4
8.46	1.05
8.47	2.65
8.48	1.4
8.49	4.45
8.5	0.01
8.51	0.800000000000001
8.52	0.01
8.53	0.01
8.54	0.01
8.55	0.01
8.56	0.01
8.57	0.35
8.58	0.01
8.59	2.6
8.6	0.25
8.61	2.15
8.62	3.5
8.63	0.9
8.64	0.01
8.65	1.1
8.66	4.25
8.67	2.05
8.68	1.5
8.69	0.01
8.7	3
8.71	0.0500000000000007
8.72	4.45
8.73	0.800000000000001
8.74	2.45
8.75	0.1
8.76	0.6
8.77	0.01
8.78	0.01
8.79	0.01
8.8	1.25
8.81	0.01
8.82	0.01
8.83	0.01
8.84	0.01
8.85	3.35
8.86	0.01
8.87	1.2
8.88	0.01
8.89	2.8
8.9	3.35
8.91	2.15
8.92	1.45
8.93	0.01
8.94	0.15
8.95	0.1
8.96	0.9
8.97	1.05
8.98	0.01
8.99	0.199999999999999
9	0.01
9.01	1.35
9.02	0.01
9.03	0.01
9.04	2.65
9.05	1.05
9.06	0.01
9.07	0.01
9.08	0.01
9.09	0.01
9.1	0.01
9.11	0.01
9.12	0.199999999999999
9.13	0.01
9.14	1.85
9.15	0.65
9.16	1.5
9.17	2.8
9.18	0.01
9.19	0.0499999999999998
9.2	0.35
9.21	3.5
9.22	0.01
9.23	2.35
9.24	5.05
9.25	0.01
9.26	0.35
9.27	0.01
9.28	0.01
9.29	0.01
9.3	2.45
9.31	0.01
9.32	0.01
9.33	0.01
9.34	1.15
9.35	0.01
9.36	0.01
9.37	2.25
9.38	3.1
9.39	2.45
9.4	0.6
9.41	2.3
9.42	0.01
9.43	2.35
9.44	0.01
9.45	0.01
9.46	0.6
9.47	0.01
9.48	0.1
9.49	0.01
9.5	0.01
9.51	0.65
9.52	0.01
9.53	2.45
9.54	0.0499999999999998
9.55	2
9.56	3
9.57	0.01
9.58	2.85
9.59	3.3
9.6	0.949999999999999
9.61	0.699999999999999
9.62	0.01
9.63	2.3
9.64	0.01
9.65	3.85
9.66	1.4
9.67	0.01
9.68	0.1
9.69	0.01
9.7	0.25
9.71	0.01
9.72	0.01
9.73	2.1
9.74	1.65
9.75	1.6
9.76	0.01
9.77	1.35
9.78	0.95
9.79	0.75
9.8	2.7
9.81	0.449999999999999
9.82	0.01
9.83	0.01
9.84	0.01
9.85	0.699999999999999
9.86	0.01
9.87	0.01
9.88	1.3
9.89	1
9.9	0.01
9.91	1.85
9.92	1.3
9.93	0.199999999999999
9.94	0.01
9.95	0.7
9.96	0.01
9.97	0.01
9.98	0.01
9.99	0.0499999999999998
10	1.65
