0.02564	0.9054
0.02635	0.9026
0.02706	0.8998
0.02777	0.897
0.02848	0.8941
0.0292	0.8912
0.02991	0.8883
0.03062	0.8854
0.03133	0.8825
0.03204	0.8795
0.03276	0.8764
0.03347	0.8734
0.03418	0.8704
0.03489	0.8673
0.0356	0.8642
0.03632	0.861
0.03703	0.8578
0.03774	0.8545
0.03845	0.8513
0.03916	0.8479
0.03988	0.8445
0.04059	0.8411
0.0413	0.8377
0.04201	0.8342
0.04272	0.8306
0.04344	0.827
0.04415	0.8233
0.04486	0.8196
0.04557	0.8158
0.04629	0.8119
0.047	0.8079
0.04771	0.8039
0.04842	0.7998
0.04913	0.7957
0.04985	0.7913
0.05056	0.787
0.05127	0.7825
0.05198	0.778
0.05269	0.7733
0.05341	0.7685
0.05412	0.7636
0.05483	0.7586
0.05554	0.7534
0.05625	0.7481
0.05697	0.7425
0.05768	0.7369
0.05839	0.7311
0.0591	0.7251
0.05981	0.7189
0.06053	0.7124
0.06124	0.7057
0.06195	0.6988
0.06266	0.6916
0.06337	0.6841
0.06409	0.6761
0.0648	0.668
0.06551	0.6594
0.06622	0.6504
0.06693	0.641
0.06765	0.631
0.06836	0.6205
0.06907	0.6094
0.06978	0.5976
0.07049	0.5851
0.07121	0.5716
0.07192	0.5574
0.07263	0.5421
0.07334	0.5258
0.07405	0.5082
0.07477	0.4891
0.07548	0.4688
0.07619	0.4471
0.0769	0.424
0.07761	0.3996
0.07833	0.3738
0.07904	0.3478
0.07975	0.322
0.08046	0.2972
0.08117	0.2742
0.08189	0.2533
0.0826	0.2353
0.08331	0.2191
0.08402	0.204
0.08473	0.189
0.08544	0.1733
0.08616	0.1567
0.08687	0.1399
0.08758	0.1236
0.08829	0.1089
0.089	0.09687
0.08972	0.08812
0.09043	0.08316
0.09114	0.08149
0.09185	0.08226
0.09256	0.08428
0.09328	0.08635
0.09399	0.08733
0.0947	0.08651
0.09541	0.08349
0.09612	0.07824
0.09684	0.07093
0.09755	0.0623
0.09826	0.05294
0.09897	0.04363
0.09968	0.03513
0.1004	0.02815
0.1011	0.02312
0.1018	0.02046
0.1025	0.02008
0.1032	0.02171
0.104	0.02489
0.1047	0.02907
0.1054	0.03348
0.1061	0.03756
0.1068	0.04081
0.1075	0.04285
0.1082	0.04346
0.1089	0.04257
0.1096	0.04025
0.1104	0.03671
0.1111	0.03223
0.1118	0.02716
0.1125	0.02181
0.1132	0.01672
0.1139	0.01217
0.1146	0.008457
0.1153	0.005807
0.1161	0.00432
0.1168	0.004047
0.1175	0.004867
0.1182	0.006597
0.1189	0.008994
0.1196	0.01178
0.1203	0.01469
0.121	0.01739
0.1217	0.01968
0.1225	0.02137
0.1232	0.02235
0.1239	0.02256
0.1246	0.022
0.1253	0.02073
0.126	0.01887
0.1267	0.01654
0.1274	0.01392
0.1282	0.01115
0.1289	0.008483
0.1296	0.006039
0.1303	0.003961
0.131	0.002354
0.1317	0.001288
0.1324	7.826E-4
0.1331	8.365E-4
0.1338	0.001384
0.1346	0.002338
0.1353	0.003592
0.136	0.005024
0.1367	0.006529
0.1374	0.007948
0.1381	0.009196
0.1388	0.01019
0.1395	0.01087
0.1403	0.01119
0.141	0.01115
0.1417	0.01076
0.1424	0.01006
0.1431	0.0091
0.1438	0.007948
0.1445	0.006679
0.1452	0.005352
0.1459	0.004079
0.1467	0.002912
0.1474	0.001908
0.1481	0.001112
0.1488	5.518E-4
0.1495	2.382E-4
0.1502	1.75E-4
0.1509	3.366E-4
0.1516	6.91E-4
0.1524	0.001196
0.1531	0.001804
0.1538	0.002474
0.1545	0.003136
0.1552	0.003752
0.1559	0.004283
0.1566	0.004697
0.1573	0.004972
0.158	0.005096
0.1588	0.005064
0.1595	0.004886
0.1602	0.004578
0.1609	0.004162
0.1616	0.003665
0.1623	0.003118
0.163	0.002543
0.1637	0.001987
0.1645	0.001469
0.1652	0.001014
0.1659	6.385E-4
0.1666	3.561E-4
0.1673	1.726E-4
0.168	8.767E-5
0.1687	9.795E-5
0.1694	1.911E-4
0.1701	3.526E-4
0.1709	5.652E-4
0.1716	8.104E-4
0.1723	0.001073
0.173	0.001326
0.1737	0.001558
0.1744	0.001755
0.1751	0.001906
0.1758	0.002004
0.1765	0.002046
0.1773	0.002031
0.178	0.001962
0.1787	0.001846
0.1794	0.00169
0.1801	0.001506
0.1808	0.001303
0.1815	0.001092
0.1822	8.804E-4
0.183	6.84E-4
0.1837	5.077E-4
0.1844	3.578E-4
0.1851	2.386E-4
0.1858	1.526E-4
0.1865	1E-4
0.1872	7.963E-5
0.1879	8.875E-5
0.1886	1.228E-4
0.1893	1.767E-4
0.1901	2.448E-4
0.1908	3.211E-4
0.1915	4.001E-4
0.1922	4.765E-4
0.1929	5.466E-4
0.1936	6.049E-4
0.1943	6.496E-4
0.195	6.791E-4
0.1958	6.925E-4
0.1965	6.903E-4
0.1972	6.733E-4
0.1979	6.432E-4
0.1986	6.016E-4
0.1993	5.521E-4
0.2	4.97E-4
0.2007	4.387E-4
0.2014	3.8E-4
0.2021	3.229E-4
0.2029	2.695E-4
0.2036	2.213E-4
0.2043	1.788E-4
0.205	1.44E-4
0.2057	1.165E-4
0.2064	9.631E-5
0.2071	8.313E-5
0.2078	7.639E-5
0.2086	7.537E-5
0.2093	7.922E-5
0.21	8.706E-5
0.2107	9.817E-5
0.2114	1.114E-4
0.2121	1.259E-4
0.2128	1.412E-4
0.2135	1.565E-4
0.2142	1.712E-4
0.215	1.849E-4
0.2157	1.971E-4
0.2164	2.075E-4
0.2171	2.158E-4
0.2178	2.216E-4
0.2185	2.249E-4
0.2192	2.254E-4
0.2199	2.231E-4
0.2206	2.18E-4
0.2213	2.1E-4
0.2221	1.994E-4
0.2228	1.863E-4
0.2235	1.708E-4
0.2242	1.538E-4
0.2249	1.355E-4
0.2256	1.165E-4
0.2263	9.73E-5
0.227	7.869E-5
0.2278	6.127E-5
0.2285	4.57E-5
0.2292	3.255E-5
0.2299	2.234E-5
0.2306	1.539E-5
0.2313	1.218E-5
0.232	1.269E-5
0.2327	1.687E-5
0.2334	2.451E-5
0.2341	3.521E-5
0.2349	4.845E-5
0.2356	6.358E-5
0.2363	7.985E-5
0.237	9.645E-5
0.2377	1.125E-4
0.2384	1.275E-4
0.2391	1.402E-4
0.2398	1.502E-4
0.2406	1.57E-4
0.2413	1.601E-4
0.242	1.596E-4
0.2427	1.553E-4
0.2434	1.474E-4
0.2441	1.364E-4
0.2448	1.227E-4
0.2455	1.071E-4
0.2462	9.02E-5
0.247	7.267E-5
0.2477	5.581E-5
0.2484	4.016E-5
0.2491	2.644E-5
0.2498	1.528E-5
0.2505	7.165E-6
0.2512	2.407E-6
0.2519	1.162E-6
0.2526	3.402E-6
0.2533	8.926E-6
0.254	1.737E-5
0.2548	2.823E-5
0.2555	4.09E-5
0.2562	5.467E-5
0.2569	6.902E-5
0.2576	8.28E-5
0.2583	9.551E-5
0.259	1.065E-4
0.2597	1.153E-4
0.2605	1.214E-4
0.2612	1.247E-4
0.2619	1.249E-4
0.2626	1.221E-4
0.2633	1.166E-4
0.264	1.086E-4
0.2647	9.866E-5
0.2654	8.722E-5
0.2661	7.49E-5
0.2668	6.232E-5
0.2676	5.008E-5
0.2683	3.862E-5
0.269	2.877E-5
0.2697	2.079E-5
0.2704	1.5E-5
0.2711	1.158E-5
0.2718	1.06E-5
0.2725	1.202E-5
0.2732	1.565E-5
0.274	2.121E-5
0.2747	2.833E-5
0.2754	3.658E-5
0.2761	4.546E-5
0.2768	5.45E-5
0.2775	6.32E-5
0.2782	7.112E-5
0.2789	7.785E-5
0.2796	8.308E-5
0.2803	8.656E-5
0.2811	8.817E-5
0.2818	8.786E-5
0.2825	8.57E-5
0.2832	8.176E-5
0.2839	7.639E-5
0.2846	6.985E-5
0.2853	6.248E-5
0.286	5.465E-5
0.2867	4.674E-5
0.2874	3.913E-5
0.2882	3.215E-5
0.2889	2.61E-5
0.2896	2.121E-5
0.2903	1.766E-5
0.291	1.553E-5
0.2917	1.485E-5
0.2924	1.555E-5
0.2931	1.752E-5
0.2938	2.058E-5
0.2945	2.448E-5
0.2953	2.899E-5
0.296	3.38E-5
0.2967	3.864E-5
0.2974	4.324E-5
0.2981	4.735E-5
0.2988	5.075E-5
0.2995	5.328E-5
0.3002	5.482E-5
0.3009	5.531E-5
0.3016	5.475E-5
0.3024	5.318E-5
0.3031	5.07E-5
0.3038	4.745E-5
0.3045	4.359E-5
0.3052	3.933E-5
0.3059	3.487E-5
0.3066	3.04E-5
0.3073	2.614E-5
0.308	2.226E-5
0.3088	1.89E-5
0.3095	1.618E-5
0.3102	1.418E-5
0.3109	1.295E-5
0.3116	1.247E-5
0.3123	1.271E-5
0.313	1.36E-5
0.3137	1.503E-5
0.3144	1.689E-5
0.3151	1.903E-5
0.3159	2.13E-5
0.3166	2.357E-5
0.3173	2.569E-5
0.318	2.754E-5
0.3187	2.903E-5
0.3194	3.006E-5
0.3201	3.06E-5
0.3208	3.061E-5
0.3215	3.011E-5
0.3222	2.911E-5
0.323	2.768E-5
0.3237	2.589E-5
0.3244	2.383E-5
0.3251	2.159E-5
0.3258	1.928E-5
0.3265	1.699E-5
0.3272	1.482E-5
0.3279	1.285E-5
0.3286	1.115E-5
0.3293	9.768E-6
0.3301	8.743E-6
0.3308	8.085E-6
0.3315	7.789E-6
0.3322	7.831E-6
0.3329	8.174E-6
0.3336	8.766E-6
0.3343	9.545E-6
0.335	1.045E-5
0.3357	1.14E-5
0.3364	1.234E-5
0.3372	1.321E-5
0.3379	1.394E-5
0.3386	1.45E-5
0.3393	1.485E-5
0.34	1.497E-5
0.3407	1.486E-5
0.3414	1.452E-5
0.3421	1.396E-5
0.3428	1.322E-5
0.3435	1.233E-5
0.3442	1.133E-5
0.3449	1.026E-5
0.3457	9.168E-6
0.3464	8.101E-6
0.3471	7.097E-6
0.3478	6.192E-6
0.3485	5.413E-6
0.3492	4.782E-6
0.3499	4.309E-6
0.3506	3.998E-6
0.3513	3.844E-6
0.352	3.836E-6
0.3528	3.954E-6
0.3535	4.174E-6
0.3542	4.47E-6
0.3549	4.813E-6
0.3556	5.168E-6
0.3563	5.517E-6
0.357	5.829E-6
0.3577	6.084E-6
0.3584	6.262E-6
0.3591	6.353E-6
0.3599	6.349E-6
0.3606	6.248E-6
0.3613	6.056E-6
0.362	5.78E-6
0.3627	5.433E-6
0.3634	5.03E-6
0.3641	4.589E-6
0.3648	4.129E-6
0.3655	3.674E-6
0.3662	3.228E-6
0.3669	2.813E-6
0.3676	2.444E-6
0.3684	2.13E-6
0.3691	1.877E-6
0.3698	1.69E-6
0.3705	1.568E-6
0.3712	1.507E-6
0.3719	1.503E-6
0.3726	1.546E-6
0.3733	1.626E-6
0.374	1.731E-6
0.3747	1.851E-6
0.3755	1.975E-6
0.3762	2.091E-6
0.3769	2.191E-6
0.3776	2.265E-6
0.3783	2.309E-6
0.379	2.319E-6
0.3797	2.293E-6
0.3804	2.232E-6
0.3811	2.138E-6
0.3818	2.018E-6
0.3825	1.872E-6
0.3832	1.71E-6
0.384	1.537E-6
0.3847	1.361E-6
0.3854	1.189E-6
0.3861	1.027E-6
0.3868	8.796E-7
0.3875	7.519E-7
0.3882	6.477E-7
0.3889	5.659E-7
0.3896	5.085E-7
0.3903	4.745E-7
0.3911	4.62E-7
0.3918	4.681E-7
0.3925	4.893E-7
0.3932	5.215E-7
0.3939	5.598E-7
0.3946	6.011E-7
0.3953	6.409E-7
0.396	6.758E-7
0.3967	7.026E-7
0.3974	7.193E-7
0.3981	7.243E-7
0.3988	7.169E-7
0.3996	6.976E-7
0.4003	6.667E-7
0.401	6.259E-7
0.4017	5.769E-7
0.4024	5.22E-7
0.4031	4.637E-7
0.4038	4.046E-7
0.4045	3.469E-7
0.4052	2.937E-7
0.4059	2.451E-7
0.4066	2.035E-7
0.4073	1.699E-7
0.4081	1.447E-7
0.4088	1.281E-7
0.4095	1.196E-7
0.4102	1.183E-7
0.4109	1.232E-7
0.4116	1.33E-7
0.4123	1.462E-7
0.413	1.612E-7
0.4137	1.766E-7
0.4144	1.907E-7
0.4151	2.029E-7
0.4158	2.119E-7
0.4166	2.17E-7
0.4173	2.178E-7
