0.000000000000000000e+00 3.635537987504238178e-01
6.000000000000000125e-03 3.716184465271539783e-01
1.200000000000000025e-02 3.869934617726091819e-01
1.799999999999999864e-02 3.939983706071309988e-01
2.400000000000000050e-02 4.055622402635888357e-01
2.999999999999999889e-02 3.539095068573273606e-01
3.599999999999999728e-02 2.230827973435911826e-01
4.200000000000000261e-02 1.609345802609814802e-01
4.800000000000000100e-02 1.503291579831280145e-01
5.399999999999999939e-02 1.667240549830067142e-01
5.999999999999999778e-02 1.846630220236984421e-01
6.600000000000000311e-02 2.026887180464068683e-01
7.199999999999999456e-02 2.249285762750687645e-01
7.799999999999999989e-02 2.388586634058551816e-01
8.400000000000000522e-02 2.596023901253219357e-01
8.999999999999999667e-02 2.786765273715600677e-01
9.600000000000000200e-02 2.961327634197259973e-01
1.019999999999999934e-01 3.175003698831072030e-01
1.079999999999999988e-01 3.332525252825649931e-01
1.140000000000000041e-01 3.522275206026588279e-01
1.199999999999999956e-01 3.693163464347972158e-01
1.260000000000000009e-01 3.878366368627783611e-01
1.320000000000000062e-01 4.060573518748669675e-01
1.380000000000000115e-01 4.183620221578164267e-01
1.439999999999999891e-01 4.397118496647647867e-01
1.499999999999999944e-01 4.565802972505748625e-01
1.559999999999999998e-01 4.724994778643749616e-01
1.620000000000000051e-01 4.895565116898739633e-01
1.680000000000000104e-01 5.031110749354243961e-01
1.739999999999999880e-01 5.205285043705039083e-01
1.799999999999999933e-01 5.360931725930339065e-01
1.859999999999999987e-01 5.503152710018852645e-01
1.920000000000000040e-01 5.681631774602657892e-01
1.980000000000000093e-01 5.806160111010509883e-01
2.039999999999999869e-01 5.970049763945561860e-01
2.099999999999999922e-01 6.095455895920567357e-01
2.159999999999999976e-01 6.231303285754798971e-01
2.220000000000000029e-01 6.350169024538806495e-01
2.280000000000000082e-01 6.480440287128206300e-01
2.340000000000000135e-01 6.625780831563168327e-01
2.399999999999999911e-01 6.747722653063804588e-01
2.459999999999999964e-01 6.853001066834362165e-01
2.520000000000000018e-01 6.983918836930409491e-01
2.580000000000000071e-01 7.096055725585234120e-01
2.640000000000000124e-01 7.223083621640661312e-01
2.700000000000000178e-01 7.321616699340617318e-01
2.760000000000000231e-01 7.401142133091392905e-01
2.819999999999999729e-01 7.502342700763773298e-01
2.879999999999999782e-01 7.593171348507015139e-01
2.939999999999999836e-01 7.693024594535543548e-01
2.999999999999999889e-01 7.768127432060223381e-01
3.059999999999999942e-01 7.848407340071256177e-01
3.119999999999999996e-01 7.915875732076814719e-01
3.180000000000000049e-01 8.000702689008974966e-01
3.240000000000000102e-01 8.062616611771176167e-01
3.300000000000000155e-01 8.122660996451029902e-01
3.360000000000000209e-01 8.194795233132061707e-01
3.420000000000000262e-01 8.198421008856214831e-01
3.479999999999999760e-01 8.255653409135906839e-01
3.539999999999999813e-01 8.305024763015400602e-01
3.599999999999999867e-01 8.348453743147545847e-01
3.659999999999999920e-01 8.406855352253008729e-01
3.719999999999999973e-01 8.432580532450005828e-01
3.780000000000000027e-01 8.477507793728805696e-01
3.840000000000000080e-01 8.428243760095416315e-01
3.900000000000000133e-01 8.467023381493508083e-01
3.960000000000000187e-01 8.505102350381272824e-01
4.020000000000000240e-01 8.468251422502385273e-01
4.079999999999999738e-01 8.532325811724924547e-01
4.139999999999999791e-01 8.502672936798169046e-01
4.199999999999999845e-01 8.521744908244259786e-01
4.259999999999999898e-01 8.507370783595220587e-01
4.319999999999999951e-01 8.439643465333249717e-01
4.380000000000000004e-01 8.464378034403184925e-01
4.440000000000000058e-01 8.354272310707370197e-01
4.500000000000000111e-01 8.398132511346448892e-01
4.560000000000000164e-01 8.377449281566917705e-01
4.620000000000000218e-01 8.238520960209757549e-01
4.680000000000000271e-01 8.206313572497363484e-01
4.739999999999999769e-01 8.084145150115649159e-01
4.799999999999999822e-01 8.103459561876732442e-01
4.859999999999999876e-01 8.023772501249294420e-01
4.919999999999999929e-01 7.862948102030133946e-01
4.979999999999999982e-01 7.859332832052963180e-01
5.040000000000000036e-01 7.647580288878302879e-01
5.100000000000000089e-01 7.565118256405458652e-01
5.160000000000000142e-01 7.429793729517227829e-01
5.220000000000000195e-01 7.192298712069767896e-01
5.280000000000000249e-01 7.096820867219350015e-01
5.340000000000000302e-01 6.844434842371287520e-01
5.400000000000000355e-01 6.679979495367919240e-01
5.460000000000000409e-01 6.383329687569750943e-01
5.520000000000000462e-01 5.973901655670166289e-01
5.580000000000000515e-01 5.726763493880434597e-01
5.639999999999999458e-01 5.218026736899794571e-01
5.699999999999999512e-01 4.763327178474118795e-01
5.759999999999999565e-01 4.190020484267094059e-01
5.819999999999999618e-01 3.469310240171397108e-01
5.879999999999999671e-01 2.932046016206197314e-01
5.939999999999999725e-01 2.250029246383331849e-01
5.999999999999999778e-01 1.799990037319322556e-01
6.059999999999999831e-01 1.398821300444031135e-01
6.119999999999999885e-01 1.099709268806798312e-01
6.179999999999999938e-01 9.303351310659818685e-02
6.239999999999999991e-01 7.561605134614338142e-02
6.300000000000000044e-01 6.573796617595560610e-02
6.360000000000000098e-01 5.924433164037799793e-02
6.420000000000000151e-01 5.290370926893609577e-02
6.480000000000000204e-01 4.952409127793813010e-02
6.540000000000000258e-01 4.639931038337280489e-02
6.600000000000000311e-01 4.393018507667369177e-02
6.660000000000000364e-01 4.197449986906606756e-02
6.720000000000000417e-01 4.009747846232974283e-02
6.780000000000000471e-01 3.898710181966325711e-02
6.840000000000000524e-01 3.804211795988479000e-02
6.899999999999999467e-01 3.743440090363647083e-02
6.959999999999999520e-01 3.670169778366558916e-02
7.019999999999999574e-01 3.575618055519413918e-02
7.079999999999999627e-01 3.541621458282374207e-02
7.139999999999999680e-01 3.482142767670835803e-02
7.199999999999999734e-01 3.444806959161963306e-02
7.259999999999999787e-01 3.369812088390894411e-02
7.319999999999999840e-01 3.356182093882005557e-02
7.379999999999999893e-01 3.294602253873864933e-02
7.439999999999999947e-01 3.239919032692882561e-02
7.500000000000000000e-01 3.204899337326573561e-02
7.560000000000000053e-01 3.148706521117569657e-02
7.620000000000000107e-01 3.066115187143396426e-02
7.680000000000000160e-01 3.036645758721652835e-02
7.740000000000000213e-01 2.991821777017039663e-02
7.800000000000000266e-01 2.930565190762222244e-02
7.860000000000000320e-01 2.878844590230450473e-02
7.920000000000000373e-01 2.806435749485969994e-02
7.980000000000000426e-01 2.766782211565767258e-02
8.040000000000000480e-01 2.698522332745194319e-02
8.100000000000000533e-01 2.665118906145503078e-02
8.159999999999999476e-01 2.588885973499204657e-02
8.219999999999999529e-01 2.497081907555310024e-02
8.279999999999999583e-01 2.468797204139497325e-02
8.339999999999999636e-01 2.394017297114387974e-02
8.399999999999999689e-01 2.352802443565632506e-02
8.459999999999999742e-01 2.282386462210391626e-02
8.519999999999999796e-01 2.192360291909776354e-02
8.579999999999999849e-01 2.120597958671942632e-02
8.639999999999999902e-01 2.068770684401574633e-02
8.699999999999999956e-01 2.002503664970241987e-02
8.760000000000000009e-01 1.944371326241296771e-02
8.820000000000000062e-01 1.902456628316595566e-02
8.880000000000000115e-01 1.839475483287797072e-02
8.940000000000000169e-01 1.767713150049963697e-02
9.000000000000000222e-01 1.704570378144503601e-02
9.060000000000000275e-01 1.635449028071323668e-02
9.120000000000000329e-01 1.574730659315790038e-02
9.180000000000000382e-01 1.506739081110476143e-02
9.240000000000000435e-01 1.451247725546184891e-02
9.300000000000000488e-01 1.409871245120767301e-02
9.360000000000000542e-01 1.353355175158440366e-02
9.419999999999999485e-01 1.302066118387355635e-02
9.479999999999999538e-01 1.232619898292085583e-02
9.539999999999999591e-01 1.189950402853373786e-02
9.599999999999999645e-01 1.129286987235905357e-02
9.659999999999999698e-01 1.079021028594089569e-02
9.719999999999999751e-01 1.032095897492872963e-02
9.779999999999999805e-01 9.791889556864035588e-03
9.839999999999999858e-01 9.358196158717463700e-03
9.899999999999999911e-01 8.821061559507348271e-03
9.959999999999999964e-01 8.442854668118764810e-03
1.002000000000000002e+00 7.975203463185550831e-03
1.008000000000000007e+00 7.537744158812758818e-03
1.014000000000000012e+00 7.007058471981447885e-03
1.020000000000000018e+00 6.679505443738669584e-03
1.026000000000000023e+00 6.298599383509836946e-03
1.032000000000000028e+00 5.949485329920377492e-03
1.038000000000000034e+00 5.582058951205137211e-03
1.044000000000000039e+00 5.273351616781123477e-03
1.050000000000000044e+00 4.817014293214234681e-03
1.056000000000000050e+00 4.574040609528570549e-03
1.062000000000000055e+00 4.250786856204996113e-03
1.068000000000000060e+00 3.915136321441463341e-03
1.074000000000000066e+00 3.705021381781140304e-03
1.080000000000000071e+00 3.442119104203078019e-03
1.086000000000000076e+00 3.131795501012446959e-03
1.092000000000000082e+00 2.843016760480832246e-03
1.098000000000000087e+00 2.692170396492386472e-03
1.104000000000000092e+00 2.522995544690493763e-03
1.110000000000000098e+00 2.268707979638504447e-03
1.116000000000000103e+00 2.095767221610392479e-03
1.122000000000000108e+00 1.947603863774532594e-03
1.127999999999999892e+00 1.715944061455193428e-03
1.133999999999999897e+00 1.577478316219040316e-03
1.139999999999999902e+00 1.453558989882448556e-03
1.145999999999999908e+00 1.300562988434400850e-03
1.151999999999999913e+00 1.135154042858728266e-03
1.157999999999999918e+00 1.046259260694745426e-03
1.163999999999999924e+00 9.261220032720390329e-04
1.169999999999999929e+00 8.647037901405600548e-04
1.175999999999999934e+00 7.580300515437806688e-04
1.181999999999999940e+00 6.788328819795051445e-04
1.187999999999999945e+00 6.093333250149368273e-04
1.193999999999999950e+00 5.161231052440842315e-04
1.199999999999999956e+00 4.363925669868246970e-04
1.205999999999999961e+00 4.040671916544673402e-04
1.211999999999999966e+00 3.302521970830292128e-04
1.217999999999999972e+00 3.178715783307363885e-04
1.223999999999999977e+00 2.828470341581271435e-04
1.229999999999999982e+00 2.699168840251841466e-04
1.235999999999999988e+00 2.419069462996965186e-04
1.241999999999999993e+00 2.063490334341033718e-04
1.247999999999999998e+00 2.111978397339569753e-04
1.254000000000000004e+00 2.068824021270872736e-04
1.260000000000000009e+00 1.837212707014532220e-04
1.266000000000000014e+00 1.880205456206567342e-04
1.272000000000000020e+00 2.068824021270872736e-04
1.278000000000000025e+00 2.327427023929731862e-04
1.284000000000000030e+00 1.998839583676319275e-04
1.290000000000000036e+00 2.176629148004284738e-04
1.296000000000000041e+00 2.494387587521357664e-04
1.302000000000000046e+00 2.887787405316147131e-04
1.308000000000000052e+00 2.801478653178752555e-04
1.314000000000000057e+00 3.512636910490615490e-04
1.320000000000000062e+00 4.363925669868246970e-04
1.326000000000000068e+00 4.665683048595803384e-04
1.332000000000000073e+00 4.827309925257590711e-04
1.338000000000000078e+00 5.102075615582628244e-04
1.344000000000000083e+00 4.584869610264909992e-04
1.350000000000000089e+00 4.708675797787838777e-04
1.356000000000000094e+00 4.988936801919377495e-04
1.362000000000000099e+00 5.225881803105557029e-04
1.368000000000000105e+00 5.743087808423275823e-04
1.374000000000000110e+00 5.667769683898881989e-04
1.379999999999999893e+00 6.303448189809690008e-04
1.385999999999999899e+00 6.400424315806763163e-04
1.391999999999999904e+00 6.772166132128872766e-04
1.397999999999999909e+00 7.154736949187322573e-04
1.403999999999999915e+00 7.170899636853500167e-04
1.409999999999999920e+00 7.591129516174146890e-04
1.415999999999999925e+00 8.076010146159507243e-04
1.421999999999999931e+00 8.081343833089346803e-04
1.427999999999999936e+00 8.221474335155115349e-04
1.433999999999999941e+00 8.496240025480153966e-04
1.439999999999999947e+00 8.657866902141940751e-04
1.445999999999999952e+00 9.277382720386570091e-04
1.451999999999999957e+00 9.374358846383642162e-04
1.457999999999999963e+00 9.600636473710143660e-04
1.463999999999999968e+00 9.891564851701359871e-04
1.469999999999999973e+00 9.756929663442090884e-04
1.475999999999999979e+00 9.767597037301770004e-04
1.481999999999999984e+00 1.005319172836314666e-03
1.487999999999999989e+00 1.019332223042891629e-03
1.493999999999999995e+00 1.057039773368086653e-03
1.500000000000000000e+00 1.016099685509655893e-03
1.506000000000000005e+00 1.066737385967793860e-03
1.512000000000000011e+00 1.013933885362387852e-03
1.518000000000000016e+00 1.076968367260484807e-03
1.524000000000000021e+00 1.071052823574663400e-03
1.530000000000000027e+00 1.060272310901322172e-03
1.536000000000000032e+00 1.075352098493867047e-03
1.542000000000000037e+00 1.063504848434557908e-03
1.548000000000000043e+00 1.088282248626809990e-03
1.554000000000000048e+00 1.100145661373785021e-03
1.560000000000000053e+00 1.016633054202639849e-03
1.566000000000000059e+00 1.041410454394891931e-03
1.572000000000000064e+00 1.048425060842013467e-03
1.578000000000000069e+00 1.050041329608631226e-03
1.584000000000000075e+00 1.026330666802347056e-03
1.590000000000000080e+00 1.082366704940988583e-03
1.596000000000000085e+00 1.067270754660777600e-03
1.602000000000000091e+00 9.929223913963556788e-04
1.608000000000000096e+00 1.000470366536461170e-03
1.614000000000000101e+00 9.460505971644375114e-04
1.620000000000000107e+00 9.298879094982588330e-04
1.625999999999999890e+00 9.632961849042501017e-04
1.631999999999999895e+00 9.455172284714535554e-04
1.637999999999999901e+00 8.878649215661941606e-04
1.643999999999999906e+00 9.460505971644375114e-04
1.649999999999999911e+00 8.964957967799335641e-04
1.655999999999999917e+00 8.383101211816902133e-04
1.661999999999999922e+00 8.426093961008938611e-04
1.667999999999999927e+00 7.871228893429023984e-04
1.673999999999999932e+00 7.979034020162435173e-04
1.679999999999999938e+00 7.898220581831541780e-04
1.685999999999999943e+00 7.763423766695611711e-04
1.691999999999999948e+00 7.607292203840325569e-04
1.697999999999999954e+00 7.461828014844717463e-04
1.703999999999999959e+00 7.267875762850573322e-04
1.709999999999999964e+00 6.589042880871068828e-04
1.715999999999999970e+00 6.922964008054319348e-04
1.721999999999999975e+00 6.756003444462693004e-04
1.727999999999999980e+00 6.459741379541638316e-04
1.733999999999999986e+00 6.518896816399852388e-04
1.739999999999999991e+00 6.696686380727817850e-04
1.745999999999999996e+00 7.434836326442198582e-04
1.752000000000000002e+00 8.722517652806655464e-04
1.758000000000000007e+00 9.519823035379250268e-04
1.764000000000000012e+00 9.067267780726247272e-04
1.770000000000000018e+00 7.962871332496257578e-04
1.776000000000000023e+00 6.809825194391069684e-04
1.782000000000000028e+00 5.193556427773199672e-04
1.788000000000000034e+00 4.336933981465728631e-04
1.794000000000000039e+00 4.266949543871174900e-04
1.800000000000000044e+00 3.927533102881422653e-04
1.806000000000000050e+00 3.728247163957438951e-04
1.812000000000000055e+00 3.733580850887278512e-04
1.818000000000000060e+00 3.668930100222563256e-04
1.824000000000000066e+00 3.227203846305899378e-04
1.830000000000000071e+00 3.291854596970614634e-04
1.836000000000000076e+00 2.882292091509645947e-04
1.842000000000000082e+00 2.990097218243058220e-04
1.848000000000000087e+00 2.704502527181681026e-04
1.854000000000000092e+00 2.429736836856642951e-04
1.860000000000000098e+00 2.424403149926803933e-04
1.866000000000000103e+00 2.273605274001356809e-04
1.872000000000000108e+00 2.133474771935587450e-04
1.877999999999999892e+00 2.187296521863962503e-04
1.883999999999999897e+00 2.138808458865426468e-04
1.889999999999999902e+00 2.068824021270872736e-04
1.895999999999999908e+00 1.918026145345425612e-04
1.901999999999999913e+00 1.697082204948762861e-04
1.907999999999999918e+00 1.691748518018923843e-04
1.913999999999999924e+00 1.718578579544780287e-04
1.919999999999999929e+00 1.680919517282584183e-04
1.925999999999999934e+00 1.556951702882993502e-04
1.931999999999999940e+00 1.513958953690958380e-04
1.937999999999999945e+00 1.346836763222670412e-04
1.943999999999999950e+00 1.244526950295759323e-04
1.949999999999999956e+00 1.287681326364456340e-04
1.955999999999999961e+00 1.287681326364456340e-04
1.961999999999999966e+00 1.136721823562347592e-04
1.967999999999999972e+00 1.088233760563811421e-04
1.973999999999999977e+00 1.077566386704133385e-04
1.979999999999999982e+00 1.126054449702669556e-04
1.985999999999999988e+00 1.012915636039418807e-04
1.991999999999999993e+00 1.239193263365920305e-04
1.997999999999999998e+00 1.163713511964865931e-04
2.004000000000000004e+00 9.859239476369001972e-05
2.009999999999999787e+00 1.039745697565275251e-04
2.016000000000000014e+00 1.034412010635436368e-04
2.021999999999999797e+00 1.072071072897632743e-04
2.028000000000000025e+00 1.099062761300151082e-04
2.033999999999999808e+00 1.126054449702669556e-04
2.040000000000000036e+00 1.249860637225598341e-04
2.045999999999999819e+00 1.023583009899096708e-04
2.052000000000000046e+00 1.158379825035026913e-04
2.057999999999999829e+00 1.201372574227062306e-04
2.064000000000000057e+00 1.152884511228526135e-04
2.069999999999999840e+00 1.303844014030635290e-04
2.076000000000000068e+00 1.201372574227062306e-04
2.081999999999999851e+00 1.228364262629580645e-04
2.088000000000000078e+00 1.438479202289903735e-04
2.093999999999999861e+00 1.309177700960474037e-04
2.100000000000000089e+00 1.373828451625189022e-04
2.105999999999999872e+00 1.513958953690958380e-04
2.112000000000000099e+00 1.400820140027707360e-04
2.117999999999999883e+00 1.438479202289903735e-04
2.124000000000000110e+00 1.406153826957546107e-04
2.129999999999999893e+00 1.605439765881529538e-04
2.136000000000000121e+00 1.632431454284047876e-04
2.141999999999999904e+00 1.519292640620797127e-04
2.148000000000000131e+00 1.670090516546244522e-04
2.153999999999999915e+00 1.772561956349817506e-04
2.160000000000000142e+00 1.632431454284047876e-04
2.165999999999999925e+00 1.697082204948762861e-04
2.172000000000000153e+00 1.686253204212422930e-04
2.177999999999999936e+00 1.901863457679246663e-04
2.184000000000000163e+00 1.821050019348353271e-04
2.189999999999999947e+00 1.718578579544780287e-04
2.196000000000000174e+00 1.977181582203639684e-04
2.201999999999999957e+00 2.095815709673391346e-04
2.208000000000000185e+00 2.074157708200711754e-04
2.213999999999999968e+00 1.799392017875673679e-04
2.220000000000000195e+00 1.993344269869818362e-04
2.225999999999999979e+00 2.117312084269408771e-04
2.232000000000000206e+00 2.068824021270872736e-04
2.237999999999999989e+00 2.074157708200711754e-04
2.244000000000000217e+00 2.079653022007212668e-04
2.250000000000000000e+00 2.063490334341033718e-04
2.255999999999999783e+00 2.322093336999893115e-04
2.262000000000000011e+00 2.327427023929731862e-04
2.267999999999999794e+00 2.171133834197783825e-04
2.274000000000000021e+00 2.451394838329322271e-04
2.279999999999999805e+00 2.322093336999893115e-04
2.286000000000000032e+00 2.305930649333714165e-04
2.291999999999999815e+00 2.284272647861034574e-04
2.298000000000000043e+00 2.338256024666071522e-04
2.303999999999999826e+00 2.187296521863962503e-04
2.310000000000000053e+00 2.332760710859570880e-04
2.315999999999999837e+00 2.278938960931195827e-04
2.322000000000000064e+00 2.424403149926803933e-04
2.327999999999999847e+00 2.111978397339569753e-04
2.334000000000000075e+00 2.165800147267945078e-04
2.339999999999999858e+00 2.084986708937051415e-04
2.346000000000000085e+00 2.117312084269408771e-04
2.351999999999999869e+00 2.165800147267945078e-04
2.358000000000000096e+00 2.095815709673391346e-04
2.363999999999999879e+00 2.246613585598838470e-04
2.370000000000000107e+00 2.397411461524285594e-04
2.375999999999999890e+00 2.068824021270872736e-04
2.382000000000000117e+00 2.165800147267945078e-04
2.387999999999999901e+00 2.198125522600302164e-04
2.394000000000000128e+00 1.858709081610549646e-04
2.399999999999999911e+00 2.074157708200711754e-04
2.406000000000000139e+00 2.149637459601766399e-04
2.411999999999999922e+00 1.918026145345425612e-04
2.418000000000000149e+00 1.961018894537460734e-04
2.423999999999999932e+00 2.031164959008676361e-04
2.430000000000000160e+00 2.047327646674855040e-04
2.435999999999999943e+00 1.869538082346889577e-04
2.442000000000000171e+00 1.831717393208031307e-04
2.447999999999999954e+00 1.815554705541852628e-04
2.454000000000000181e+00 1.740236581017459878e-04
2.459999999999999964e+00 1.821050019348353271e-04
2.466000000000000192e+00 1.702415891878601608e-04
2.471999999999999975e+00 1.691748518018923843e-04
2.478000000000000203e+00 1.794058330945834932e-04
2.483999999999999986e+00 1.530121641357137059e-04
2.490000000000000213e+00 1.745570267947298897e-04
2.495999999999999996e+00 1.724073893351281200e-04
2.501999999999999780e+00 1.535455328286975806e-04
2.508000000000000007e+00 1.551618015953154484e-04
2.513999999999999790e+00 1.530121641357137059e-04
2.520000000000000018e+00 1.497796266024779431e-04
2.525999999999999801e+00 1.600106078951690791e-04
2.532000000000000028e+00 1.508463639884457467e-04
2.537999999999999812e+00 1.373828451625189022e-04
2.544000000000000039e+00 1.346836763222670412e-04
2.549999999999999822e+00 1.276852325628116951e-04
2.556000000000000050e+00 1.368494764695350004e-04
2.561999999999999833e+00 1.120559135896168778e-04
2.568000000000000060e+00 1.389991139291367700e-04
2.573999999999999844e+00 1.309177700960474037e-04
2.580000000000000071e+00 1.276852325628116951e-04
2.585999999999999854e+00 1.196038887297223423e-04
2.592000000000000082e+00 1.190705200367384270e-04
2.597999999999999865e+00 1.228364262629580645e-04
2.604000000000000092e+00 1.082900073633972539e-04
2.609999999999999876e+00 1.217535261893240984e-04
2.616000000000000103e+00 1.174542512701205727e-04
2.621999999999999886e+00 1.039745697565275251e-04
2.628000000000000114e+00 9.859239476369001972e-05
2.633999999999999897e+00 1.282186012557955698e-04
2.640000000000000124e+00 1.169047198894704814e-04
2.645999999999999908e+00 1.115225448966329896e-04
2.652000000000000135e+00 9.805902607070613147e-05
2.657999999999999918e+00 9.805902607070613147e-05
2.664000000000000146e+00 1.066737385967793725e-04
2.669999999999999929e+00 8.727851339736494483e-05
2.676000000000000156e+00 1.072071072897632743e-04
2.681999999999999940e+00 9.750949469005606724e-05
2.688000000000000167e+00 9.212731969721854835e-05
2.693999999999999950e+00 1.002086635303079011e-04
2.700000000000000178e+00 8.189633840452743949e-05
2.705999999999999961e+00 9.535985723045429759e-05
2.712000000000000188e+00 8.081343833089345990e-05
2.717999999999999972e+00 8.512887593776318873e-05
2.724000000000000199e+00 8.997768223761679225e-05
2.729999999999999982e+00 9.051105093060068051e-05
2.736000000000000210e+00 8.512887593776318873e-05
2.741999999999999993e+00 7.326546319078802250e-05
2.748000000000000220e+00 7.434836326442198853e-05
2.754000000000000004e+00 9.535985723045429759e-05
2.759999999999999787e+00 7.003292565755228681e-05
2.766000000000000014e+00 8.619561332373097879e-05
2.771999999999999797e+00 8.997768223761679225e-05
2.778000000000000025e+00 7.866380087129170380e-05
2.783999999999999808e+00 8.351260717114530733e-05
2.790000000000000036e+00 8.727851339736494483e-05
2.795999999999999819e+00 8.997768223761679225e-05
2.802000000000000046e+00 8.242970709751132774e-05
2.807999999999999829e+00 8.619561332373097879e-05
2.814000000000000057e+00 8.028006963790955809e-05
2.819999999999999840e+00 8.351260717114530733e-05
2.826000000000000068e+00 8.457934455711309740e-05
2.831999999999999851e+00 9.482648853747039578e-05
2.838000000000000078e+00 8.997768223761679225e-05
2.843999999999999861e+00 8.566224463074707698e-05
2.850000000000000089e+00 8.189633840452743949e-05
2.855999999999999872e+00 8.727851339736494483e-05
2.862000000000000099e+00 9.212731969721854835e-05
2.867999999999999883e+00 1.018249322969257690e-04
2.874000000000000110e+00 9.482648853747039578e-05
2.879999999999999893e+00 1.077566386704133385e-04
2.886000000000000121e+00 9.912576345667392153e-05
2.891999999999999904e+00 8.781188209034883308e-05
2.898000000000000131e+00 8.781188209034883308e-05
2.903999999999999915e+00 1.066737385967793725e-04
2.910000000000000142e+00 9.859239476369001972e-05
2.915999999999999925e+00 9.912576345667392153e-05
2.922000000000000153e+00 1.007420322232917894e-04
2.927999999999999936e+00 1.088233760563811421e-04
2.934000000000000163e+00 9.321021977085252794e-05
2.939999999999999947e+00 9.374358846383641620e-05
2.946000000000000174e+00 1.120559135896168778e-04
2.951999999999999957e+00 1.039745697565275251e-04
2.958000000000000185e+00 9.912576345667392153e-05
2.963999999999999968e+00 9.912576345667392153e-05
2.970000000000000195e+00 1.077566386704133385e-04
2.975999999999999979e+00 1.055908385231454065e-04
2.982000000000000206e+00 1.007420322232917894e-04
2.987999999999999989e+00 1.007420322232917894e-04
2.994000000000000217e+00 1.034412010635436368e-04
3.000000000000000000e+00 1.212201574963401966e-04
3.005999999999999783e+00 9.697612599707216543e-05
3.012000000000000011e+00 1.206867888033562948e-04
3.017999999999999794e+00 1.023583009899096708e-04
3.024000000000000021e+00 9.644275730408826363e-05
3.029999999999999805e+00 9.967529483732399931e-05
3.036000000000000032e+00 1.039745697565275251e-04
3.041999999999999815e+00 1.136721823562347592e-04
3.048000000000000043e+00 1.066737385967793725e-04
3.053999999999999826e+00 1.174542512701205727e-04
3.060000000000000053e+00 1.077566386704133385e-04
3.065999999999999837e+00 1.179876199631044609e-04
3.072000000000000064e+00 1.088233760563811421e-04
3.077999999999999847e+00 1.045241011371776028e-04
3.084000000000000075e+00 1.018249322969257690e-04
3.089999999999999858e+00 1.034412010635436368e-04
3.096000000000000085e+00 1.239193263365920305e-04
3.101999999999999869e+00 1.007420322232917894e-04
3.108000000000000096e+00 9.697612599707216543e-05
3.113999999999999879e+00 1.109891762036490878e-04
3.120000000000000107e+00 1.131388136632508574e-04
3.125999999999999890e+00 1.126054449702669556e-04
3.132000000000000117e+00 1.066737385967793725e-04
3.137999999999999901e+00 1.045241011371776028e-04
3.144000000000000128e+00 1.012915636039418807e-04
3.149999999999999911e+00 1.093729074370312199e-04
3.156000000000000139e+00 1.185209886560883628e-04
3.161999999999999922e+00 1.109891762036490878e-04
3.168000000000000149e+00 1.002086635303079011e-04
3.173999999999999932e+00 9.535985723045429759e-05
3.180000000000000160e+00 1.223030575699741627e-04
3.185999999999999943e+00 9.535985723045429759e-05
3.192000000000000171e+00 1.115225448966329896e-04
3.197999999999999954e+00 1.126054449702669556e-04
3.204000000000000181e+00 1.120559135896168778e-04
3.209999999999999964e+00 9.535985723045429759e-05
3.216000000000000192e+00 9.967529483732399931e-05
3.221999999999999975e+00 9.321021977085252794e-05
3.228000000000000203e+00 9.321021977085252794e-05
3.233999999999999986e+00 9.859239476369001972e-05
3.240000000000000213e+00 9.697612599707216543e-05
3.245999999999999996e+00 9.750949469005606724e-05
3.251999999999999780e+00 1.072071072897632743e-04
3.258000000000000007e+00 9.427695715682031801e-05
3.263999999999999790e+00 1.012915636039418807e-04
3.270000000000000018e+00 8.512887593776318873e-05
3.275999999999999801e+00 1.018249322969257690e-04
3.282000000000000028e+00 8.457934455711309740e-05
3.287999999999999812e+00 1.029078323705597350e-04
3.294000000000000039e+00 9.967529483732399931e-05
3.299999999999999822e+00 9.321021977085252794e-05
3.306000000000000050e+00 9.589322592343818585e-05
3.311999999999999833e+00 9.697612599707216543e-05
3.318000000000000060e+00 8.566224463074707698e-05
3.323999999999999844e+00 8.512887593776318873e-05
3.330000000000000071e+00 9.750949469005606724e-05
3.335999999999999854e+00 1.007420322232917894e-04
3.342000000000000082e+00 9.321021977085252794e-05
3.347999999999999865e+00 8.836141347099891086e-05
3.354000000000000092e+00 8.727851339736494483e-05
3.359999999999999876e+00 9.321021977085252794e-05
3.366000000000000103e+00 8.512887593776318873e-05
3.371999999999999886e+00 9.159395100423464654e-05
3.378000000000000114e+00 8.781188209034883308e-05
3.383999999999999897e+00 8.296307579049522955e-05
3.390000000000000124e+00 8.836141347099891086e-05
3.395999999999999908e+00 6.841665689093440542e-05
3.402000000000000135e+00 9.697612599707216543e-05
3.407999999999999918e+00 8.134680702387737526e-05
3.414000000000000146e+00 7.273209449780412069e-05
3.419999999999999929e+00 8.727851339736494483e-05
3.426000000000000156e+00 7.596463203103985637e-05
3.431999999999999940e+00 8.296307579049522955e-05
3.438000000000000167e+00 9.482648853747039578e-05
3.443999999999999950e+00 6.465075066471476792e-05
3.450000000000000178e+00 8.404597586412920914e-05
3.455999999999999961e+00 8.512887593776318873e-05
3.462000000000000188e+00 7.811426949064162603e-05
3.467999999999999972e+00 8.836141347099891086e-05
3.474000000000000199e+00 7.488173195740589034e-05
3.479999999999999982e+00 7.811426949064162603e-05
3.486000000000000210e+00 9.212731969721854835e-05
3.491999999999999993e+00 8.028006963790955809e-05
3.498000000000000220e+00 8.404597586412920914e-05
3.504000000000000004e+00 6.949955696456838500e-05
3.509999999999999787e+00 7.704753210467383596e-05
3.516000000000000014e+00 8.081343833089345990e-05
3.521999999999999797e+00 7.758090079765772422e-05
3.528000000000000025e+00 8.351260717114530733e-05
3.533999999999999808e+00 7.866380087129170380e-05
3.540000000000000036e+00 8.997768223761679225e-05
3.545999999999999819e+00 8.512887593776318873e-05
3.552000000000000046e+00 6.841665689093440542e-05
3.557999999999999829e+00 7.649800072402374463e-05
3.564000000000000057e+00 8.727851339736494483e-05
3.569999999999999840e+00 8.134680702387737526e-05
3.576000000000000068e+00 9.104441962358458232e-05
3.581999999999999851e+00 8.134680702387737526e-05
3.588000000000000078e+00 8.081343833089345990e-05
3.593999999999999861e+00 7.704753210467383596e-05
3.600000000000000089e+00 8.081343833089345990e-05
3.605999999999999872e+00 7.596463203103985637e-05
3.612000000000000099e+00 8.351260717114530733e-05
3.617999999999999883e+00 9.266068839020243661e-05
3.624000000000000110e+00 8.512887593776318873e-05
3.629999999999999893e+00 7.811426949064162603e-05
3.636000000000000121e+00 9.912576345667392153e-05
3.641999999999999904e+00 8.997768223761679225e-05
3.648000000000000131e+00 9.212731969721854835e-05
3.653999999999999915e+00 1.002086635303079011e-04
3.660000000000000142e+00 7.434836326442198853e-05
3.665999999999999925e+00 8.457934455711309740e-05
3.672000000000000153e+00 8.457934455711309740e-05
3.677999999999999936e+00 9.321021977085252794e-05
3.684000000000000163e+00 9.266068839020243661e-05
3.689999999999999947e+00 8.566224463074707698e-05
3.696000000000000174e+00 8.836141347099891086e-05
3.701999999999999957e+00 9.427695715682031801e-05
3.708000000000000185e+00 7.649800072402374463e-05
3.713999999999999968e+00 9.750949469005606724e-05
3.720000000000000195e+00 8.781188209034883308e-05
3.725999999999999979e+00 8.457934455711309740e-05
3.732000000000000206e+00 8.457934455711309740e-05
3.737999999999999989e+00 8.889478216398281267e-05
3.744000000000000217e+00 9.374358846383641620e-05
3.750000000000000000e+00 8.189633840452743949e-05
3.755999999999999783e+00 8.296307579049522955e-05
3.762000000000000011e+00 9.750949469005606724e-05
3.767999999999999794e+00 8.566224463074707698e-05
3.774000000000000021e+00 9.051105093060068051e-05
3.779999999999999805e+00 1.018249322969257690e-04
3.786000000000000032e+00 8.512887593776318873e-05
3.791999999999999815e+00 8.028006963790955809e-05
3.798000000000000043e+00 9.535985723045429759e-05
3.803999999999999826e+00 8.404597586412920914e-05
3.810000000000000053e+00 8.674514470438104302e-05
3.815999999999999837e+00 8.836141347099891086e-05
3.822000000000000064e+00 8.457934455711309740e-05
3.827999999999999847e+00 8.404597586412920914e-05
3.834000000000000075e+00 9.427695715682031801e-05
3.839999999999999858e+00 8.781188209034883308e-05
3.846000000000000085e+00 9.427695715682031801e-05
3.851999999999999869e+00 8.457934455711309740e-05
3.858000000000000096e+00 9.051105093060068051e-05
3.863999999999999879e+00 9.051105093060068051e-05
3.870000000000000107e+00 7.164919442417014110e-05
3.875999999999999890e+00 9.051105093060068051e-05
3.882000000000000117e+00 1.007420322232917894e-04
3.887999999999999901e+00 9.427695715682031801e-05
3.894000000000000128e+00 9.321021977085252794e-05
3.899999999999999911e+00 8.404597586412920914e-05
3.906000000000000139e+00 8.997768223761679225e-05
3.911999999999999922e+00 7.649800072402374463e-05
3.918000000000000149e+00 8.566224463074707698e-05
3.923999999999999932e+00 8.997768223761679225e-05
3.930000000000000160e+00 7.219872580482021888e-05
3.935999999999999943e+00 8.189633840452743949e-05
3.942000000000000171e+00 7.973053825725949387e-05
3.947999999999999954e+00 8.457934455711309740e-05
3.954000000000000181e+00 7.381499457143810027e-05
3.959999999999999964e+00 9.266068839020243661e-05
3.966000000000000192e+00 8.727851339736494483e-05
3.971999999999999975e+00 8.351260717114530733e-05
3.978000000000000203e+00 8.081343833089345990e-05
3.983999999999999986e+00 9.104441962358458232e-05
3.990000000000000213e+00 8.727851339736494483e-05
3.995999999999999996e+00 8.781188209034883308e-05
4.001999999999999780e+00 1.099062761300151082e-04
4.008000000000000007e+00 8.566224463074707698e-05
4.014000000000000234e+00 8.997768223761679225e-05
4.019999999999999574e+00 9.427695715682031801e-05
4.025999999999999801e+00 8.081343833089345990e-05
4.032000000000000028e+00 7.164919442417014110e-05
4.038000000000000256e+00 7.543126333805595456e-05
4.043999999999999595e+00 8.566224463074707698e-05
4.049999999999999822e+00 8.189633840452743949e-05
4.056000000000000050e+00 7.811426949064162603e-05
4.062000000000000277e+00 7.488173195740589034e-05
4.067999999999999616e+00 7.381499457143810027e-05
4.073999999999999844e+00 7.164919442417014110e-05
4.080000000000000071e+00 9.159395100423464654e-05
4.086000000000000298e+00 7.704753210467383596e-05
4.091999999999999638e+00 8.242970709751132774e-05
4.097999999999999865e+00 9.697612599707216543e-05
4.104000000000000092e+00 8.028006963790955809e-05
4.110000000000000320e+00 8.512887593776318873e-05
4.115999999999999659e+00 8.189633840452743949e-05
4.121999999999999886e+00 7.596463203103985637e-05
4.128000000000000114e+00 8.242970709751132774e-05
4.134000000000000341e+00 8.404597586412920914e-05
4.139999999999999680e+00 7.596463203103985637e-05
4.145999999999999908e+00 8.134680702387737526e-05
4.152000000000000135e+00 7.326546319078802250e-05
4.158000000000000362e+00 8.942815085696671448e-05
4.163999999999999702e+00 9.051105093060068051e-05
4.169999999999999929e+00 8.296307579049522955e-05
4.176000000000000156e+00 6.841665689093440542e-05
4.182000000000000384e+00 7.973053825725949387e-05
4.187999999999999723e+00 9.321021977085252794e-05
4.193999999999999950e+00 9.427695715682031801e-05
4.200000000000000178e+00 8.889478216398281267e-05
4.206000000000000405e+00 9.644275730408826363e-05
4.211999999999999744e+00 1.055908385231454065e-04
4.217999999999999972e+00 8.296307579049522955e-05
4.224000000000000199e+00 9.535985723045429759e-05
4.230000000000000426e+00 8.512887593776318873e-05
4.235999999999999766e+00 8.674514470438104302e-05
4.241999999999999993e+00 9.321021977085252794e-05
4.248000000000000220e+00 8.619561332373097879e-05
4.253999999999999559e+00 8.242970709751132774e-05
4.259999999999999787e+00 8.512887593776318873e-05
4.266000000000000014e+00 8.566224463074707698e-05
4.272000000000000242e+00 9.859239476369001972e-05
4.277999999999999581e+00 9.051105093060068051e-05
4.283999999999999808e+00 9.374358846383641620e-05
4.290000000000000036e+00 9.051105093060068051e-05
4.296000000000000263e+00 8.619561332373097879e-05
4.301999999999999602e+00 9.912576345667392153e-05
4.307999999999999829e+00 9.374358846383641620e-05
4.314000000000000057e+00 1.002086635303079011e-04
4.320000000000000284e+00 8.134680702387737526e-05
4.325999999999999623e+00 9.535985723045429759e-05
4.331999999999999851e+00 1.039745697565275251e-04
4.338000000000000078e+00 8.997768223761679225e-05
4.344000000000000306e+00 8.997768223761679225e-05
4.349999999999999645e+00 8.296307579049522955e-05
4.355999999999999872e+00 8.997768223761679225e-05
4.362000000000000099e+00 8.997768223761679225e-05
4.368000000000000327e+00 9.266068839020243661e-05
4.373999999999999666e+00 1.029078323705597350e-04
4.379999999999999893e+00 8.781188209034883308e-05
4.386000000000000121e+00 9.159395100423464654e-05
4.392000000000000348e+00 1.002086635303079011e-04
4.397999999999999687e+00 1.007420322232917894e-04
4.403999999999999915e+00 8.351260717114530733e-05
4.410000000000000142e+00 8.942815085696671448e-05
4.416000000000000369e+00 1.039745697565275251e-04
4.421999999999999709e+00 9.374358846383641620e-05
4.427999999999999936e+00 9.697612599707216543e-05
4.434000000000000163e+00 7.543126333805595456e-05
4.440000000000000391e+00 9.697612599707216543e-05
4.445999999999999730e+00 8.727851339736494483e-05
4.451999999999999957e+00 8.997768223761679225e-05
4.458000000000000185e+00 9.266068839020243661e-05
4.464000000000000412e+00 8.781188209034883308e-05
4.469999999999999751e+00 9.482648853747039578e-05
4.475999999999999979e+00 8.997768223761679225e-05
4.482000000000000206e+00 9.967529483732399931e-05
4.488000000000000433e+00 8.457934455711309740e-05
4.493999999999999773e+00 9.104441962358458232e-05
4.500000000000000000e+00 9.967529483732399931e-05
4.506000000000000227e+00 1.055908385231454065e-04
4.511999999999999567e+00 9.912576345667392153e-05
4.517999999999999794e+00 1.099062761300151082e-04
4.524000000000000021e+00 1.045241011371776028e-04
4.530000000000000249e+00 9.644275730408826363e-05
4.535999999999999588e+00 9.321021977085252794e-05
4.541999999999999815e+00 1.023583009899096708e-04
4.548000000000000043e+00 8.242970709751132774e-05
4.554000000000000270e+00 1.050574698301615046e-04
4.559999999999999609e+00 1.012915636039418807e-04
4.565999999999999837e+00 9.321021977085252794e-05
4.572000000000000064e+00 9.589322592343818585e-05
4.578000000000000291e+00 1.061403699037954842e-04
4.583999999999999631e+00 9.321021977085252794e-05
4.589999999999999858e+00 9.051105093060068051e-05
4.596000000000000085e+00 1.147550824298687117e-04
4.602000000000000313e+00 1.131388136632508574e-04
4.607999999999999652e+00 9.051105093060068051e-05
4.613999999999999879e+00 1.023583009899096708e-04
4.620000000000000107e+00 1.007420322232917894e-04
4.626000000000000334e+00 9.805902607070613147e-05
4.631999999999999673e+00 1.050574698301615046e-04
4.637999999999999901e+00 1.029078323705597350e-04
4.644000000000000128e+00 1.066737385967793725e-04
4.650000000000000355e+00 1.093729074370312199e-04
4.655999999999999694e+00 9.859239476369001972e-05
4.661999999999999922e+00 9.427695715682031801e-05
4.668000000000000149e+00 8.727851339736494483e-05
4.674000000000000377e+00 9.212731969721854835e-05
4.679999999999999716e+00 1.115225448966329896e-04
4.685999999999999943e+00 1.142217137368848234e-04
4.692000000000000171e+00 1.066737385967793725e-04
4.698000000000000398e+00 1.099062761300151082e-04
4.703999999999999737e+00 1.169047198894704814e-04
4.709999999999999964e+00 9.482648853747039578e-05
4.716000000000000192e+00 1.039745697565275251e-04
4.722000000000000419e+00 1.249860637225598341e-04
4.727999999999999758e+00 1.109891762036490878e-04
4.733999999999999986e+00 1.023583009899096708e-04
4.740000000000000213e+00 1.136721823562347592e-04
4.746000000000000441e+00 1.061403699037954842e-04
4.751999999999999780e+00 1.190705200367384270e-04
4.758000000000000007e+00 1.206867888033562948e-04
4.764000000000000234e+00 1.330674075556492004e-04
4.769999999999999574e+00 1.152884511228526135e-04
4.775999999999999801e+00 1.174542512701205727e-04
4.782000000000000028e+00 1.190705200367384270e-04
4.788000000000000256e+00 1.239193263365920305e-04
4.793999999999999595e+00 1.158379825035026913e-04
4.799999999999999822e+00 1.379162138555027769e-04
4.806000000000000050e+00 1.411487513887385397e-04
4.812000000000000277e+00 1.185209886560883628e-04
4.817999999999999616e+00 1.368494764695350004e-04
4.823999999999999844e+00 1.190705200367384270e-04
4.830000000000000071e+00 1.179876199631044609e-04
4.836000000000000298e+00 1.223030575699741627e-04
4.841999999999999638e+00 1.298348700224134377e-04
4.847999999999999865e+00 1.336169389362992376e-04
4.854000000000000092e+00 1.341503076292831665e-04
4.860000000000000320e+00 1.422316514623725057e-04
4.865999999999999659e+00 1.449308203026243396e-04
4.871999999999999886e+00 1.271518638698277933e-04
4.878000000000000114e+00 1.745570267947298897e-04
4.884000000000000341e+00 1.373828451625189022e-04
4.889999999999999680e+00 1.583943391285512112e-04
4.895999999999999908e+00 1.535455328286975806e-04
4.902000000000000135e+00 1.427650201553564075e-04
4.908000000000000362e+00 1.389991139291367700e-04
4.913999999999999702e+00 1.486967265288439771e-04
4.919999999999999929e+00 1.794058330945834932e-04
4.926000000000000156e+00 1.616268766617869198e-04
4.932000000000000384e+00 1.691748518018923843e-04
4.937999999999999723e+00 1.772561956349817506e-04
4.943999999999999950e+00 1.756399268683638828e-04
4.950000000000000178e+00 1.734741267210959236e-04
4.956000000000000405e+00 1.874871769276728324e-04
4.961999999999999744e+00 1.794058330945834932e-04
4.967999999999999972e+00 1.982676896010140326e-04
4.974000000000000199e+00 1.901863457679246663e-04
4.980000000000000426e+00 1.971847895273800394e-04
4.985999999999999766e+00 2.015002271342497683e-04
4.991999999999999993e+00 2.101149396603230093e-04
4.998000000000000220e+00 2.289767961667535487e-04
5.003999999999999559e+00 2.295101648597374234e-04
5.009999999999999787e+00 2.494387587521357664e-04
5.016000000000000014e+00 2.510550275187536343e-04
5.022000000000000242e+00 2.542875650519893700e-04
5.027999999999999581e+00 2.521379275923876003e-04
5.033999999999999808e+00 2.709997840988181668e-04
5.040000000000000036e+00 3.006259905909237440e-04
5.046000000000000263e+00 2.774648591652896382e-04
5.051999999999999602e+00 3.308017284636792770e-04
5.057999999999999829e+00 3.631271037960366881e-04
5.064000000000000057e+00 3.593450348821508882e-04
5.070000000000000284e+00 3.814394289218171904e-04
5.075999999999999623e+00 3.986850166616298348e-04
5.081999999999999851e+00 4.412413732866783548e-04
5.088000000000000078e+00 4.223795167802477882e-04
5.094000000000000306e+00 4.482398170461337279e-04
5.099999999999999645e+00 5.015766863445234210e-04
5.105999999999999872e+00 5.193556427773199672e-04
5.112000000000000099e+00 5.651606996232703311e-04
5.118000000000000327e+00 5.802404872158150977e-04
5.123999999999999666e+00 6.432749691139119435e-04
5.129999999999999893e+00 7.187062324519678845e-04
5.136000000000000121e+00 7.461828014844717463e-04
5.142000000000000348e+00 8.086677520019186364e-04
5.147999999999999687e+00 9.169577593653157818e-04
5.153999999999999915e+00 1.024714398035729080e-03
5.160000000000000142e+00 1.190656712304385837e-03
5.166000000000000369e+00 1.284400300768222172e-03
5.171999999999999709e+00 1.440095471056521441e-03
5.177999999999999936e+00 1.670688535989893128e-03
5.184000000000000163e+00 1.988543951632963137e-03
5.190000000000000391e+00 2.330126192769983642e-03
5.195999999999999730e+00 2.717481165377622510e-03
5.201999999999999957e+00 3.426489785229882862e-03
5.208000000000000185e+00 4.136565142468111127e-03
5.214000000000000412e+00 5.736671221419802243e-03
5.219999999999999751e+00 8.453085649411455973e-03
5.225999999999999979e+00 1.352870294528455038e-02
5.232000000000000206e+00 3.055664393298445497e-02
5.238000000000000433e+00 6.779062750956030281e-02
5.243999999999999773e+00 1.565528756346804551e-01
5.250000000000000000e+00 2.434445512654430654e-01
5.256000000000000227e+00 2.999223803087519569e-01
5.261999999999999567e+00 2.958337536979017135e-01
5.267999999999999794e+00 2.421946421401544591e-01
5.274000000000000021e+00 1.446054169118411725e-01
5.280000000000000249e+00 8.156770247621103476e-02
5.285999999999999588e+00 3.990999128540206192e-02
5.291999999999999815e+00 1.846748692737577510e-02
5.298000000000000043e+00 1.165276443862185360e-02
5.304000000000000270e+00 7.051780628753764012e-03
5.309999999999999609e+00 4.995886757615834381e-03
5.315999999999999837e+00 3.826241539277480501e-03
5.322000000000000064e+00 2.929761905185213153e-03
5.328000000000000291e+00 2.318812311403658892e-03
5.333999999999999631e+00 1.847395200244224571e-03
5.339999999999999858e+00 1.606571154018162154e-03
5.346000000000000085e+00 1.379760157998676483e-03
5.352000000000000313e+00 1.131388136632508574e-03
5.357999999999999652e+00 1.056506404675102697e-03
5.363999999999999879e+00 8.991788029325192355e-04
5.370000000000000107e+00 8.291458772749669623e-04
5.376000000000000334e+00 7.424007325705859464e-04
5.381999999999999673e+00 6.761337131392532564e-04
5.387999999999999901e+00 6.174146688480261665e-04
5.394000000000000128e+00 5.462988431168397645e-04
5.400000000000000355e+00 5.155897365511002755e-04
5.405999999999999694e+00 4.698008423928160741e-04
5.411999999999999922e+00 4.595536984124588028e-04
5.418000000000000149e+00 4.029842915808333741e-04
5.424000000000000377e+00 3.862882352216707397e-04
5.429999999999999716e+00 3.248700220901917617e-04
5.435999999999999943e+00 3.162553095641185206e-04
5.442000000000000171e+00 2.930780154508182524e-04
5.448000000000000398e+00 2.920112780648504488e-04
5.453999999999999737e+00 2.542875650519893700e-04
5.459999999999999964e+00 2.586030026588590717e-04
5.466000000000000192e+00 2.516045588994036985e-04
5.472000000000000419e+00 2.305930649333714165e-04
5.477999999999999758e+00 2.467557525995500950e-04
5.483999999999999986e+00 2.251947272528677217e-04
5.490000000000000213e+00 2.241279898668999452e-04
5.496000000000000441e+00 2.041832332868354126e-04
5.501999999999999780e+00 1.907197144609085952e-04
5.508000000000000007e+00 1.923359832275264630e-04
5.514000000000000234e+00 1.885700770013067984e-04
5.519999999999999574e+00 1.804887331682174592e-04
5.525999999999999801e+00 1.799392017875673679e-04
5.532000000000000028e+00 1.632431454284047876e-04
5.538000000000000256e+00 1.734741267210959236e-04
5.543999999999999595e+00 1.476138264552099839e-04
5.549999999999999822e+00 1.486967265288439771e-04
5.556000000000000050e+00 1.546284329023315737e-04
5.562000000000000277e+00 1.476138264552099839e-04
5.567999999999999616e+00 1.400820140027707360e-04
5.573999999999999844e+00 1.368494764695350004e-04
5.580000000000000071e+00 1.282186012557955698e-04
5.586000000000000298e+00 1.271518638698277933e-04
5.591999999999999638e+00 1.061403699037954842e-04
5.597999999999999865e+00 1.206867888033562948e-04
5.604000000000000092e+00 1.255355951032099255e-04
5.610000000000000320e+00 1.082900073633972539e-04
5.615999999999999659e+00 1.072071072897632743e-04
5.621999999999999886e+00 1.029078323705597350e-04
5.628000000000000114e+00 1.201372574227062306e-04
5.634000000000000341e+00 1.212201574963401966e-04
5.639999999999999680e+00 9.535985723045429759e-05
5.645999999999999908e+00 9.912576345667392153e-05
5.652000000000000135e+00 1.045241011371776028e-04
5.658000000000000362e+00 1.034412010635436368e-04
5.663999999999999702e+00 9.644275730408826363e-05
5.669999999999999929e+00 8.242970709751132774e-05
5.676000000000000156e+00 1.034412010635436368e-04
5.682000000000000384e+00 1.007420322232917894e-04
5.687999999999999723e+00 9.535985723045429759e-05
5.693999999999999950e+00 9.644275730408826363e-05
5.700000000000000178e+00 9.159395100423464654e-05
5.706000000000000405e+00 9.482648853747039578e-05
5.711999999999999744e+00 8.619561332373097879e-05
5.717999999999999972e+00 8.727851339736494483e-05
5.724000000000000199e+00 8.727851339736494483e-05
5.730000000000000426e+00 7.596463203103985637e-05
5.735999999999999766e+00 7.219872580482021888e-05
5.741999999999999993e+00 9.805902607070613147e-05
5.748000000000000220e+00 6.949955696456838500e-05
5.753999999999999559e+00 7.919716956427560561e-05
5.759999999999999787e+00 8.781188209034883308e-05
5.766000000000000014e+00 7.811426949064162603e-05
5.772000000000000242e+00 8.134680702387737526e-05
5.777999999999999581e+00 8.619561332373097879e-05
5.783999999999999808e+00 8.134680702387737526e-05
5.790000000000000036e+00 7.543126333805595456e-05
5.796000000000000263e+00 7.811426949064162603e-05
5.801999999999999602e+00 8.189633840452743949e-05
5.807999999999999829e+00 7.326546319078802250e-05
5.814000000000000057e+00 7.919716956427560561e-05
5.820000000000000284e+00 8.512887593776318873e-05
5.825999999999999623e+00 6.465075066471476792e-05
5.831999999999999851e+00 8.134680702387737526e-05
5.838000000000000078e+00 8.889478216398281267e-05
5.844000000000000306e+00 6.949955696456838500e-05
5.849999999999999645e+00 7.866380087129170380e-05
5.855999999999999872e+00 6.896618827158448319e-05
5.862000000000000099e+00 7.003292565755228681e-05
5.868000000000000327e+00 6.896618827158448319e-05
5.873999999999999666e+00 6.896618827158448319e-05
5.879999999999999893e+00 8.134680702387737526e-05
5.886000000000000121e+00 7.164919442417014110e-05
5.892000000000000348e+00 6.518411935769866973e-05
5.897999999999999687e+00 8.836141347099891086e-05
5.903999999999999915e+00 6.250111320511301182e-05
5.910000000000000142e+00 6.680038812431653757e-05
5.916000000000000369e+00 7.111582573118625285e-05
5.921999999999999709e+00 7.111582573118625285e-05
5.927999999999999936e+00 6.949955696456838500e-05
5.934000000000000163e+00 6.841665689093440542e-05
5.940000000000000391e+00 7.434836326442198853e-05
5.945999999999999730e+00 7.164919442417014110e-05
5.951999999999999957e+00 5.656940683162542871e-05
5.958000000000000185e+00 7.326546319078802250e-05
5.964000000000000412e+00 7.219872580482021888e-05
5.969999999999999751e+00 6.573365073834874751e-05
5.975999999999999979e+00 7.973053825725949387e-05
5.982000000000000206e+00 7.003292565755228681e-05
5.988000000000000433e+00 6.303448189809690008e-05
5.993999999999999773e+00 8.028006963790955809e-05
6.000000000000000000e+00 7.758090079765772422e-05
6.006000000000000227e+00 5.765230690525940152e-05
6.011999999999999567e+00 6.573365073834874751e-05
6.017999999999999794e+00 6.465075066471476792e-05
6.024000000000000021e+00 7.273209449780412069e-05
6.030000000000000249e+00 6.033531305784506620e-05
6.035999999999999588e+00 7.704753210467383596e-05
6.041999999999999815e+00 6.734991950496661535e-05
6.048000000000000043e+00 6.303448189809690008e-05
6.054000000000000270e+00 6.841665689093440542e-05
6.059999999999999609e+00 6.626701943133263576e-05
6.065999999999999837e+00 7.164919442417014110e-05
6.072000000000000064e+00 6.141821313147903224e-05
6.078000000000000291e+00 7.111582573118625285e-05
6.083999999999999631e+00 6.195158182446293404e-05
6.089999999999999858e+00 6.250111320511301182e-05
6.096000000000000085e+00 5.710277552460932374e-05
6.102000000000000313e+00 6.626701943133263576e-05
6.107999999999999652e+00 6.949955696456838500e-05
6.113999999999999879e+00 6.573365073834874751e-05
6.120000000000000107e+00 6.465075066471476792e-05
6.126000000000000334e+00 6.949955696456838500e-05
6.131999999999999673e+00 7.058245703820235104e-05
6.137999999999999901e+00 7.273209449780412069e-05
6.144000000000000128e+00 6.088484443849513720e-05
6.150000000000000355e+00 5.280350060540579121e-05
6.155999999999999694e+00 8.134680702387737526e-05
6.161999999999999922e+00 6.573365073834874751e-05
6.168000000000000149e+00 6.626701943133263576e-05
6.174000000000000377e+00 6.573365073834874751e-05
6.179999999999999716e+00 5.871904429122719158e-05
6.185999999999999943e+00 6.518411935769866973e-05
6.192000000000000171e+00 6.088484443849513720e-05
6.198000000000000398e+00 6.088484443849513720e-05
6.203999999999999737e+00 6.356785059108080189e-05
6.209999999999999964e+00 5.765230690525940152e-05
6.216000000000000192e+00 6.841665689093440542e-05
6.222000000000000419e+00 6.411738197173087966e-05
6.227999999999999758e+00 6.680038812431653757e-05
6.233999999999999986e+00 6.949955696456838500e-05
6.240000000000000213e+00 7.164919442417014110e-05
6.246000000000000441e+00 6.411738197173087966e-05
6.251999999999999780e+00 6.518411935769866973e-05
6.258000000000000007e+00 6.573365073834874751e-05
6.264000000000000234e+00 6.680038812431653757e-05
6.269999999999999574e+00 6.303448189809690008e-05
6.275999999999999801e+00 7.381499457143810027e-05
6.282000000000000028e+00 7.488173195740589034e-05
6.288000000000000256e+00 5.710277552460932374e-05
6.293999999999999595e+00 6.250111320511301182e-05
6.299999999999999822e+00 6.896618827158448319e-05
6.306000000000000050e+00 6.356785059108080189e-05
6.312000000000000277e+00 6.033531305784506620e-05
6.317999999999999616e+00 5.656940683162542871e-05
6.323999999999999844e+00 7.219872580482021888e-05
6.330000000000000071e+00 6.356785059108080189e-05
6.336000000000000298e+00 6.841665689093440542e-05
6.341999999999999638e+00 6.788328819795051716e-05
6.347999999999999865e+00 6.949955696456838500e-05
6.354000000000000092e+00 6.626701943133263576e-05
6.360000000000000320e+00 7.273209449780412069e-05
6.365999999999999659e+00 6.841665689093440542e-05
6.371999999999999886e+00 6.141821313147903224e-05
6.378000000000000114e+00 5.495313806500755409e-05
6.384000000000000341e+00 6.141821313147903224e-05
6.389999999999999680e+00 7.381499457143810027e-05
6.395999999999999908e+00 6.356785059108080189e-05
6.402000000000000135e+00 5.980194436486117117e-05
6.408000000000000362e+00 5.926857567187726258e-05
6.413999999999999702e+00 6.356785059108080189e-05
6.419999999999999929e+00 5.818567559824329655e-05
6.426000000000000156e+00 6.141821313147903224e-05
6.432000000000000384e+00 6.465075066471476792e-05
6.437999999999999723e+00 6.949955696456838500e-05
6.443999999999999950e+00 6.465075066471476792e-05
6.450000000000000178e+00 5.441976937202365906e-05
6.456000000000000405e+00 6.626701943133263576e-05
6.461999999999999744e+00 5.172060053177181840e-05
6.467999999999999972e+00 5.765230690525940152e-05
6.474000000000000199e+00 6.626701943133263576e-05
6.480000000000000426e+00 6.303448189809690008e-05
6.485999999999999766e+00 6.896618827158448319e-05
6.491999999999999993e+00 7.164919442417014110e-05
6.498000000000000220e+00 6.896618827158448319e-05
6.503999999999999559e+00 6.088484443849513720e-05
6.509999999999999787e+00 6.195158182446293404e-05
6.516000000000000014e+00 7.649800072402374463e-05
6.522000000000000242e+00 5.333686929838968625e-05
6.527999999999999581e+00 5.871904429122719158e-05
6.533999999999999808e+00 6.788328819795051716e-05
6.540000000000000036e+00 5.765230690525940152e-05
6.546000000000000263e+00 6.303448189809690008e-05
6.551999999999999602e+00 6.356785059108080189e-05
6.557999999999999829e+00 6.141821313147903224e-05
6.564000000000000057e+00 6.734991950496661535e-05
6.570000000000000284e+00 6.303448189809690008e-05
6.575999999999999623e+00 6.088484443849513720e-05
6.581999999999999851e+00 6.734991950496661535e-05
6.588000000000000078e+00 5.063770045813784559e-05
6.594000000000000306e+00 6.088484443849513720e-05
6.599999999999999645e+00 5.980194436486117117e-05
6.605999999999999872e+00 5.765230690525940152e-05
6.612000000000000099e+00 6.356785059108080189e-05
6.618000000000000327e+00 6.356785059108080189e-05
6.623999999999999666e+00 5.603603813864153367e-05
6.629999999999999893e+00 5.441976937202365906e-05
6.636000000000000121e+00 7.058245703820235104e-05
6.642000000000000348e+00 5.926857567187726258e-05
6.647999999999999687e+00 6.573365073834874751e-05
6.653999999999999915e+00 6.250111320511301182e-05
6.660000000000000142e+00 6.411738197173087966e-05
6.666000000000000369e+00 5.871904429122719158e-05
6.671999999999999709e+00 5.656940683162542871e-05
6.677999999999999936e+00 5.926857567187726258e-05
6.684000000000000163e+00 7.164919442417014110e-05
6.690000000000000391e+00 5.387023799137358805e-05
6.695999999999999730e+00 5.871904429122719158e-05
6.701999999999999957e+00 5.548650675799144912e-05
6.708000000000000185e+00 5.926857567187726258e-05
6.714000000000000412e+00 6.356785059108080189e-05
6.719999999999999751e+00 5.603603813864153367e-05
6.725999999999999979e+00 6.734991950496661535e-05
6.732000000000000206e+00 5.280350060540579121e-05
6.738000000000000433e+00 6.033531305784506620e-05
6.743999999999999773e+00 6.788328819795051716e-05
6.750000000000000000e+00 5.333686929838968625e-05
6.756000000000000227e+00 6.195158182446293404e-05
6.761999999999999567e+00 6.734991950496661535e-05
6.767999999999999794e+00 5.603603813864153367e-05
6.774000000000000021e+00 5.926857567187726258e-05
6.780000000000000249e+00 6.356785059108080189e-05
6.785999999999999588e+00 6.033531305784506620e-05
6.791999999999999815e+00 6.465075066471476792e-05
6.798000000000000043e+00 6.573365073834874751e-05
6.804000000000000270e+00 6.303448189809690008e-05
6.809999999999999609e+00 6.841665689093440542e-05
6.815999999999999837e+00 7.434836326442198853e-05
6.822000000000000064e+00 5.818567559824329655e-05
6.828000000000000291e+00 6.195158182446293404e-05
6.833999999999999631e+00 6.141821313147903224e-05
6.839999999999999858e+00 6.841665689093440542e-05
6.846000000000000085e+00 6.033531305784506620e-05
6.852000000000000313e+00 6.788328819795051716e-05
6.857999999999999652e+00 6.033531305784506620e-05
6.863999999999999879e+00 5.441976937202365906e-05
6.870000000000000107e+00 5.441976937202365906e-05
6.876000000000000334e+00 6.411738197173087966e-05
6.881999999999999673e+00 6.573365073834874751e-05
6.887999999999999901e+00 5.656940683162542871e-05
6.894000000000000128e+00 6.303448189809690008e-05
6.900000000000000355e+00 6.626701943133263576e-05
6.905999999999999694e+00 5.495313806500755409e-05
6.911999999999999922e+00 7.164919442417014110e-05
6.918000000000000149e+00 6.411738197173087966e-05
6.924000000000000377e+00 5.818567559824329655e-05
6.929999999999999716e+00 5.765230690525940152e-05
6.935999999999999943e+00 5.871904429122719158e-05
6.942000000000000171e+00 6.411738197173087966e-05
6.948000000000000398e+00 5.980194436486117117e-05
6.953999999999999737e+00 6.303448189809690008e-05
6.959999999999999964e+00 5.765230690525940152e-05
6.966000000000000192e+00 6.250111320511301182e-05
6.972000000000000419e+00 7.326546319078802250e-05
6.977999999999999758e+00 6.088484443849513720e-05
6.983999999999999986e+00 5.926857567187726258e-05
6.990000000000000213e+00 6.033531305784506620e-05
6.996000000000000441e+00 6.465075066471476792e-05
7.001999999999999780e+00 7.273209449780412069e-05
7.008000000000000007e+00 6.680038812431653757e-05
7.014000000000000234e+00 5.603603813864153367e-05
7.019999999999999574e+00 5.118723183878791659e-05
7.025999999999999801e+00 5.225396922475572021e-05
7.032000000000000028e+00 6.896618827158448319e-05
7.038000000000000256e+00 7.003292565755228681e-05
7.043999999999999595e+00 5.603603813864153367e-05
7.049999999999999822e+00 7.058245703820235104e-05
7.056000000000000050e+00 6.411738197173087966e-05
7.062000000000000277e+00 5.710277552460932374e-05
7.067999999999999616e+00 6.518411935769866973e-05
7.073999999999999844e+00 6.518411935769866973e-05
7.080000000000000071e+00 8.134680702387737526e-05
7.086000000000000298e+00 5.765230690525940152e-05
7.091999999999999638e+00 6.195158182446293404e-05
7.097999999999999865e+00 6.088484443849513720e-05
7.104000000000000092e+00 6.465075066471476792e-05
7.110000000000000320e+00 6.788328819795051716e-05
7.115999999999999659e+00 6.573365073834874751e-05
7.121999999999999886e+00 6.465075066471476792e-05
7.128000000000000114e+00 5.495313806500755409e-05
7.134000000000000341e+00 6.141821313147903224e-05
7.139999999999999680e+00 5.980194436486117117e-05
7.145999999999999908e+00 6.626701943133263576e-05
7.152000000000000135e+00 6.141821313147903224e-05
7.158000000000000362e+00 6.896618827158448319e-05
7.163999999999999702e+00 5.871904429122719158e-05
7.169999999999999929e+00 5.387023799137358805e-05
7.176000000000000156e+00 6.573365073834874751e-05
7.182000000000000384e+00 6.141821313147903224e-05
7.187999999999999723e+00 5.765230690525940152e-05
7.193999999999999950e+00 6.949955696456838500e-05
7.200000000000000178e+00 7.111582573118625285e-05
7.206000000000000405e+00 6.088484443849513720e-05
7.211999999999999744e+00 6.788328819795051716e-05
7.217999999999999972e+00 6.303448189809690008e-05
7.224000000000000199e+00 5.980194436486117117e-05
7.230000000000000426e+00 7.273209449780412069e-05
7.235999999999999766e+00 6.841665689093440542e-05
7.241999999999999993e+00 7.434836326442198853e-05
7.248000000000000220e+00 6.411738197173087966e-05
7.253999999999999559e+00 6.626701943133263576e-05
7.259999999999999787e+00 6.896618827158448319e-05
7.266000000000000014e+00 7.326546319078802250e-05
7.272000000000000242e+00 6.518411935769866973e-05
7.277999999999999581e+00 7.111582573118625285e-05
7.283999999999999808e+00 6.195158182446293404e-05
7.290000000000000036e+00 6.250111320511301182e-05
7.296000000000000263e+00 6.734991950496661535e-05
7.301999999999999602e+00 5.548650675799144912e-05
7.307999999999999829e+00 5.441976937202365906e-05
7.314000000000000057e+00 5.980194436486117117e-05
7.320000000000000284e+00 7.649800072402374463e-05
7.325999999999999623e+00 4.848806299853608272e-05
7.331999999999999851e+00 5.710277552460932374e-05
7.338000000000000078e+00 5.495313806500755409e-05
7.344000000000000306e+00 5.871904429122719158e-05
7.349999999999999645e+00 6.033531305784506620e-05
7.355999999999999872e+00 7.273209449780412069e-05
7.362000000000000099e+00 6.626701943133263576e-05
7.368000000000000327e+00 6.033531305784506620e-05
7.373999999999999666e+00 5.871904429122719158e-05
7.379999999999999893e+00 6.788328819795051716e-05
7.386000000000000121e+00 5.926857567187726258e-05
7.392000000000000348e+00 5.495313806500755409e-05
7.397999999999999687e+00 5.710277552460932374e-05
7.403999999999999915e+00 5.871904429122719158e-05
7.410000000000000142e+00 5.926857567187726258e-05
7.416000000000000369e+00 5.010433176515395056e-05
7.421999999999999709e+00 6.088484443849513720e-05
7.427999999999999936e+00 6.518411935769866973e-05
7.434000000000000163e+00 7.164919442417014110e-05
7.440000000000000391e+00 7.111582573118625285e-05
7.445999999999999730e+00 6.465075066471476792e-05
7.451999999999999957e+00 5.710277552460932374e-05
7.458000000000000185e+00 5.926857567187726258e-05
7.464000000000000412e+00 6.141821313147903224e-05
7.469999999999999751e+00 4.902143169151997775e-05
7.475999999999999979e+00 6.518411935769866973e-05
7.482000000000000206e+00 6.573365073834874751e-05
7.488000000000000433e+00 6.626701943133263576e-05
7.493999999999999773e+00 5.603603813864153367e-05
7.500000000000000000e+00 5.710277552460932374e-05
7.506000000000000227e+00 6.626701943133263576e-05
7.511999999999999567e+00 5.118723183878791659e-05
7.517999999999999794e+00 6.411738197173087966e-05
7.524000000000000021e+00 5.063770045813784559e-05
7.530000000000000249e+00 6.195158182446293404e-05
7.535999999999999588e+00 6.250111320511301182e-05
7.541999999999999815e+00 5.387023799137358805e-05
7.548000000000000043e+00 5.871904429122719158e-05
7.554000000000000270e+00 4.848806299853608272e-05
7.559999999999999609e+00 6.465075066471476792e-05
7.565999999999999837e+00 5.871904429122719158e-05
7.572000000000000064e+00 5.603603813864153367e-05
7.578000000000000291e+00 6.518411935769866973e-05
7.583999999999999631e+00 6.573365073834874751e-05
7.589999999999999858e+00 6.141821313147903224e-05
7.596000000000000085e+00 6.896618827158448319e-05
7.602000000000000313e+00 6.141821313147903224e-05
7.607999999999999652e+00 5.010433176515395056e-05
7.613999999999999879e+00 6.411738197173087966e-05
7.620000000000000107e+00 6.626701943133263576e-05
7.626000000000000334e+00 6.518411935769866973e-05
7.631999999999999673e+00 6.680038812431653757e-05
7.637999999999999901e+00 6.250111320511301182e-05
7.644000000000000128e+00 4.957096307217005553e-05
7.650000000000000355e+00 7.164919442417014110e-05
7.655999999999999694e+00 6.088484443849513720e-05
7.661999999999999922e+00 6.088484443849513720e-05
7.668000000000000149e+00 5.495313806500755409e-05
7.674000000000000377e+00 7.058245703820235104e-05
7.679999999999999716e+00 7.488173195740589034e-05
7.685999999999999943e+00 5.871904429122719158e-05
7.692000000000000171e+00 5.225396922475572021e-05
7.698000000000000398e+00 5.926857567187726258e-05
7.703999999999999737e+00 6.411738197173087966e-05
7.709999999999999964e+00 5.656940683162542871e-05
7.716000000000000192e+00 6.033531305784506620e-05
7.722000000000000419e+00 6.734991950496661535e-05
7.727999999999999758e+00 7.003292565755228681e-05
7.733999999999999986e+00 6.356785059108080189e-05
7.740000000000000213e+00 6.411738197173087966e-05
7.746000000000000441e+00 6.141821313147903224e-05
7.751999999999999780e+00 6.195158182446293404e-05
7.758000000000000007e+00 7.219872580482021888e-05
7.764000000000000234e+00 5.172060053177181840e-05
7.769999999999999574e+00 6.518411935769866973e-05
7.775999999999999801e+00 5.710277552460932374e-05
7.782000000000000028e+00 6.195158182446293404e-05
7.788000000000000256e+00 5.765230690525940152e-05
7.793999999999999595e+00 6.841665689093440542e-05
7.799999999999999822e+00 6.680038812431653757e-05
7.806000000000000050e+00 5.387023799137358805e-05
7.812000000000000277e+00 6.788328819795051716e-05
7.817999999999999616e+00 6.518411935769866973e-05
7.823999999999999844e+00 5.172060053177181840e-05
7.830000000000000071e+00 5.118723183878791659e-05
7.836000000000000298e+00 6.626701943133263576e-05
7.841999999999999638e+00 5.818567559824329655e-05
7.847999999999999865e+00 5.603603813864153367e-05
7.854000000000000092e+00 5.387023799137358805e-05
7.860000000000000320e+00 6.195158182446293404e-05
7.865999999999999659e+00 5.172060053177181840e-05
7.871999999999999886e+00 5.280350060540579121e-05
7.878000000000000114e+00 6.141821313147903224e-05
7.884000000000000341e+00 6.356785059108080189e-05
7.889999999999999680e+00 4.902143169151997775e-05
7.895999999999999908e+00 6.141821313147903224e-05
7.902000000000000135e+00 5.387023799137358805e-05
7.908000000000000362e+00 6.195158182446293404e-05
7.913999999999999702e+00 7.164919442417014110e-05
7.919999999999999929e+00 5.926857567187726258e-05
7.926000000000000156e+00 5.818567559824329655e-05
7.932000000000000384e+00 5.871904429122719158e-05
7.937999999999999723e+00 5.333686929838968625e-05
7.943999999999999950e+00 6.356785059108080189e-05
7.950000000000000178e+00 6.088484443849513720e-05
7.956000000000000405e+00 5.710277552460932374e-05
7.961999999999999744e+00 5.871904429122719158e-05
7.967999999999999972e+00 4.957096307217005553e-05
7.974000000000000199e+00 6.734991950496661535e-05
7.980000000000000426e+00 6.141821313147903224e-05
7.985999999999999766e+00 6.411738197173087966e-05
7.991999999999999993e+00 4.902143169151997775e-05
7.998000000000000220e+00 6.356785059108080189e-05
8.003999999999999559e+00 4.687179423191820810e-05
8.009999999999999787e+00 5.280350060540579121e-05
8.016000000000000014e+00 5.495313806500755409e-05
8.022000000000000242e+00 6.680038812431653757e-05
8.028000000000000469e+00 5.387023799137358805e-05
8.034000000000000696e+00 5.818567559824329655e-05
8.039999999999999147e+00 6.949955696456838500e-05
8.045999999999999375e+00 5.063770045813784559e-05
8.051999999999999602e+00 5.495313806500755409e-05
8.057999999999999829e+00 6.303448189809690008e-05
8.064000000000000057e+00 6.573365073834874751e-05
8.070000000000000284e+00 5.871904429122719158e-05
8.076000000000000512e+00 6.250111320511301182e-05
8.082000000000000739e+00 6.033531305784506620e-05
8.087999999999999190e+00 5.603603813864153367e-05
8.093999999999999417e+00 5.280350060540579121e-05
8.099999999999999645e+00 6.141821313147903224e-05
8.105999999999999872e+00 5.441976937202365906e-05
8.112000000000000099e+00 6.195158182446293404e-05
8.118000000000000327e+00 6.033531305784506620e-05
8.124000000000000554e+00 6.195158182446293404e-05
8.130000000000000782e+00 6.033531305784506620e-05
8.135999999999999233e+00 6.841665689093440542e-05
8.141999999999999460e+00 5.172060053177181840e-05
8.147999999999999687e+00 5.225396922475572021e-05
8.153999999999999915e+00 7.543126333805595456e-05
8.160000000000000142e+00 5.603603813864153367e-05
8.166000000000000369e+00 5.710277552460932374e-05
8.172000000000000597e+00 4.795469430555218768e-05
8.178000000000000824e+00 6.141821313147903224e-05
8.183999999999999275e+00 6.033531305784506620e-05
8.189999999999999503e+00 5.818567559824329655e-05
8.195999999999999730e+00 7.758090079765772422e-05
8.201999999999999957e+00 6.141821313147903224e-05
8.208000000000000185e+00 5.765230690525940152e-05
8.214000000000000412e+00 4.633842553893431307e-05
8.220000000000000639e+00 6.303448189809690008e-05
8.226000000000000867e+00 5.980194436486117117e-05
8.231999999999999318e+00 6.141821313147903224e-05
8.237999999999999545e+00 6.680038812431653757e-05
8.243999999999999773e+00 5.441976937202365906e-05
8.250000000000000000e+00 5.603603813864153367e-05
8.256000000000000227e+00 6.141821313147903224e-05
8.262000000000000455e+00 6.734991950496661535e-05
8.268000000000000682e+00 5.980194436486117117e-05
8.273999999999999133e+00 6.518411935769866973e-05
8.279999999999999361e+00 6.141821313147903224e-05
8.285999999999999588e+00 5.765230690525940152e-05
8.291999999999999815e+00 6.465075066471476792e-05
8.298000000000000043e+00 6.303448189809690008e-05
8.304000000000000270e+00 5.926857567187726258e-05
8.310000000000000497e+00 6.250111320511301182e-05
8.316000000000000725e+00 7.003292565755228681e-05
8.321999999999999176e+00 6.626701943133263576e-05
8.327999999999999403e+00 5.441976937202365906e-05
8.333999999999999631e+00 6.465075066471476792e-05
8.339999999999999858e+00 6.250111320511301182e-05
8.346000000000000085e+00 5.980194436486117117e-05
8.352000000000000313e+00 5.926857567187726258e-05
8.358000000000000540e+00 6.303448189809690008e-05
8.364000000000000767e+00 5.710277552460932374e-05
8.369999999999999218e+00 6.250111320511301182e-05
8.375999999999999446e+00 5.656940683162542871e-05
8.381999999999999673e+00 5.333686929838968625e-05
8.387999999999999901e+00 6.141821313147903224e-05
8.394000000000000128e+00 5.926857567187726258e-05
8.400000000000000355e+00 6.626701943133263576e-05
8.406000000000000583e+00 6.141821313147903224e-05
8.412000000000000810e+00 5.118723183878791659e-05
8.417999999999999261e+00 5.765230690525940152e-05
8.423999999999999488e+00 6.841665689093440542e-05
8.429999999999999716e+00 5.980194436486117117e-05
8.435999999999999943e+00 6.518411935769866973e-05
8.442000000000000171e+00 6.465075066471476792e-05
8.448000000000000398e+00 5.818567559824329655e-05
8.454000000000000625e+00 5.387023799137358805e-05
8.460000000000000853e+00 6.465075066471476792e-05
8.465999999999999304e+00 5.603603813864153367e-05
8.471999999999999531e+00 7.003292565755228681e-05
8.477999999999999758e+00 5.603603813864153367e-05
8.483999999999999986e+00 6.033531305784506620e-05
8.490000000000000213e+00 5.710277552460932374e-05
8.496000000000000441e+00 5.926857567187726258e-05
8.502000000000000668e+00 5.765230690525940152e-05
8.507999999999999119e+00 7.164919442417014110e-05
8.513999999999999346e+00 7.003292565755228681e-05
8.519999999999999574e+00 5.441976937202365906e-05
8.525999999999999801e+00 5.871904429122719158e-05
8.532000000000000028e+00 5.818567559824329655e-05
8.538000000000000256e+00 6.088484443849513720e-05
8.544000000000000483e+00 5.656940683162542871e-05
8.550000000000000711e+00 6.088484443849513720e-05
8.555999999999999162e+00 6.465075066471476792e-05
8.561999999999999389e+00 6.195158182446293404e-05
8.567999999999999616e+00 6.195158182446293404e-05
8.573999999999999844e+00 5.818567559824329655e-05
8.580000000000000071e+00 6.195158182446293404e-05
8.586000000000000298e+00 5.926857567187726258e-05
8.592000000000000526e+00 6.411738197173087966e-05
8.598000000000000753e+00 5.818567559824329655e-05
8.603999999999999204e+00 6.949955696456838500e-05
8.609999999999999432e+00 7.326546319078802250e-05
8.615999999999999659e+00 4.957096307217005553e-05
8.621999999999999886e+00 5.495313806500755409e-05
8.628000000000000114e+00 5.063770045813784559e-05
8.634000000000000341e+00 6.250111320511301182e-05
8.640000000000000568e+00 6.303448189809690008e-05
8.646000000000000796e+00 6.033531305784506620e-05
8.651999999999999247e+00 5.548650675799144912e-05
8.657999999999999474e+00 5.656940683162542871e-05
8.663999999999999702e+00 5.441976937202365906e-05
8.669999999999999929e+00 6.088484443849513720e-05
8.676000000000000156e+00 6.573365073834874751e-05
8.682000000000000384e+00 6.141821313147903224e-05
8.688000000000000611e+00 4.902143169151997775e-05
8.694000000000000838e+00 6.356785059108080189e-05
8.699999999999999289e+00 5.441976937202365906e-05
8.705999999999999517e+00 4.472215677231644522e-05
8.711999999999999744e+00 6.250111320511301182e-05
8.717999999999999972e+00 6.356785059108080189e-05
8.724000000000000199e+00 6.141821313147903224e-05
8.730000000000000426e+00 5.280350060540579121e-05
8.736000000000000654e+00 5.603603813864153367e-05
8.742000000000000881e+00 6.465075066471476792e-05
8.747999999999999332e+00 5.387023799137358805e-05
8.753999999999999559e+00 5.926857567187726258e-05
8.759999999999999787e+00 6.195158182446293404e-05
8.766000000000000014e+00 6.518411935769866973e-05
8.772000000000000242e+00 6.465075066471476792e-05
8.778000000000000469e+00 5.765230690525940152e-05
8.784000000000000696e+00 6.356785059108080189e-05
8.789999999999999147e+00 5.603603813864153367e-05
8.795999999999999375e+00 5.603603813864153367e-05
8.801999999999999602e+00 6.356785059108080189e-05
8.807999999999999829e+00 5.656940683162542871e-05
8.814000000000000057e+00 6.033531305784506620e-05
8.820000000000000284e+00 6.680038812431653757e-05
8.826000000000000512e+00 5.118723183878791659e-05
8.832000000000000739e+00 6.141821313147903224e-05
8.837999999999999190e+00 5.333686929838968625e-05
8.843999999999999417e+00 5.548650675799144912e-05
8.849999999999999645e+00 5.818567559824329655e-05
8.855999999999999872e+00 5.926857567187726258e-05
8.862000000000000099e+00 7.111582573118625285e-05
8.868000000000000327e+00 6.680038812431653757e-05
8.874000000000000554e+00 6.626701943133263576e-05
8.880000000000000782e+00 5.765230690525940152e-05
8.885999999999999233e+00 5.495313806500755409e-05
8.891999999999999460e+00 5.818567559824329655e-05
8.897999999999999687e+00 6.356785059108080189e-05
8.903999999999999915e+00 6.088484443849513720e-05
8.910000000000000142e+00 5.441976937202365906e-05
8.916000000000000369e+00 6.195158182446293404e-05
8.922000000000000597e+00 5.387023799137358805e-05
8.928000000000000824e+00 6.303448189809690008e-05
8.933999999999999275e+00 5.710277552460932374e-05
8.939999999999999503e+00 5.280350060540579121e-05
8.945999999999999730e+00 6.195158182446293404e-05
8.951999999999999957e+00 4.902143169151997775e-05
8.958000000000000185e+00 7.164919442417014110e-05
8.964000000000000412e+00 6.250111320511301182e-05
8.970000000000000639e+00 6.465075066471476792e-05
8.976000000000000867e+00 6.250111320511301182e-05
8.981999999999999318e+00 6.141821313147903224e-05
8.987999999999999545e+00 6.788328819795051716e-05
8.993999999999999773e+00 5.441976937202365906e-05
9.000000000000000000e+00 7.164919442417014110e-05
9.006000000000000227e+00 6.195158182446293404e-05
9.012000000000000455e+00 6.088484443849513720e-05
9.018000000000000682e+00 5.765230690525940152e-05
9.023999999999999133e+00 6.680038812431653757e-05
9.029999999999999361e+00 7.111582573118625285e-05
9.035999999999999588e+00 5.765230690525940152e-05
9.041999999999999815e+00 6.573365073834874751e-05
9.048000000000000043e+00 4.848806299853608272e-05
9.054000000000000270e+00 6.088484443849513720e-05
9.060000000000000497e+00 5.871904429122719158e-05
9.066000000000000725e+00 5.387023799137358805e-05
9.071999999999999176e+00 6.141821313147903224e-05
9.077999999999999403e+00 6.195158182446293404e-05
9.083999999999999631e+00 5.656940683162542871e-05
9.089999999999999858e+00 4.795469430555218768e-05
9.096000000000000085e+00 5.441976937202365906e-05
9.102000000000000313e+00 5.495313806500755409e-05
9.108000000000000540e+00 6.250111320511301182e-05
9.114000000000000767e+00 5.603603813864153367e-05
9.119999999999999218e+00 7.003292565755228681e-05
9.125999999999999446e+00 6.033531305784506620e-05
9.131999999999999673e+00 6.680038812431653757e-05
9.137999999999999901e+00 5.710277552460932374e-05
9.144000000000000128e+00 6.949955696456838500e-05
9.150000000000000355e+00 4.902143169151997775e-05
9.156000000000000583e+00 5.710277552460932374e-05
9.162000000000000810e+00 6.680038812431653757e-05
9.167999999999999261e+00 4.633842553893431307e-05
9.173999999999999488e+00 5.010433176515395056e-05
9.179999999999999716e+00 6.518411935769866973e-05
9.185999999999999943e+00 5.603603813864153367e-05
9.192000000000000171e+00 5.225396922475572021e-05
9.198000000000000398e+00 6.949955696456838500e-05
9.204000000000000625e+00 5.280350060540579121e-05
9.210000000000000853e+00 6.465075066471476792e-05
9.215999999999999304e+00 4.848806299853608272e-05
9.221999999999999531e+00 5.280350060540579121e-05
9.227999999999999758e+00 5.010433176515395056e-05
9.233999999999999986e+00 5.548650675799144912e-05
9.240000000000000213e+00 6.518411935769866973e-05
9.246000000000000441e+00 6.250111320511301182e-05
9.252000000000000668e+00 6.465075066471476792e-05
9.257999999999999119e+00 5.980194436486117117e-05
9.263999999999999346e+00 5.871904429122719158e-05
9.269999999999999574e+00 5.980194436486117117e-05
9.275999999999999801e+00 7.434836326442198853e-05
9.282000000000000028e+00 7.434836326442198853e-05
9.288000000000000256e+00 5.495313806500755409e-05
9.294000000000000483e+00 5.387023799137358805e-05
9.300000000000000711e+00 6.356785059108080189e-05
9.305999999999999162e+00 6.734991950496661535e-05
9.311999999999999389e+00 5.441976937202365906e-05
9.317999999999999616e+00 6.303448189809690008e-05
9.323999999999999844e+00 5.603603813864153367e-05
9.330000000000000071e+00 5.118723183878791659e-05
9.336000000000000298e+00 5.010433176515395056e-05
9.342000000000000526e+00 5.765230690525940152e-05
9.348000000000000753e+00 5.980194436486117117e-05
9.353999999999999204e+00 5.980194436486117117e-05
9.359999999999999432e+00 5.710277552460932374e-05
9.365999999999999659e+00 6.088484443849513720e-05
9.371999999999999886e+00 6.088484443849513720e-05
9.378000000000000114e+00 5.548650675799144912e-05
9.384000000000000341e+00 5.603603813864153367e-05
9.390000000000000568e+00 6.141821313147903224e-05
9.396000000000000796e+00 5.280350060540579121e-05
9.401999999999999247e+00 5.495313806500755409e-05
9.407999999999999474e+00 6.518411935769866973e-05
9.413999999999999702e+00 5.225396922475572021e-05
9.419999999999999929e+00 5.765230690525940152e-05
9.426000000000000156e+00 6.195158182446293404e-05
9.432000000000000384e+00 5.280350060540579121e-05
9.438000000000000611e+00 5.710277552460932374e-05
9.444000000000000838e+00 6.088484443849513720e-05
9.449999999999999289e+00 5.603603813864153367e-05
9.455999999999999517e+00 5.656940683162542871e-05
9.461999999999999744e+00 5.548650675799144912e-05
9.467999999999999972e+00 6.250111320511301182e-05
9.474000000000000199e+00 5.172060053177181840e-05
9.480000000000000426e+00 5.818567559824329655e-05
9.486000000000000654e+00 5.818567559824329655e-05
9.492000000000000881e+00 6.356785059108080189e-05
9.497999999999999332e+00 5.980194436486117117e-05
9.503999999999999559e+00 5.225396922475572021e-05
9.509999999999999787e+00 5.280350060540579121e-05
9.516000000000000014e+00 5.603603813864153367e-05
9.522000000000000242e+00 5.926857567187726258e-05
9.528000000000000469e+00 5.980194436486117117e-05
9.534000000000000696e+00 5.548650675799144912e-05
9.539999999999999147e+00 6.250111320511301182e-05
9.545999999999999375e+00 5.765230690525940152e-05
9.551999999999999602e+00 5.818567559824329655e-05
9.557999999999999829e+00 5.926857567187726258e-05
9.564000000000000057e+00 6.841665689093440542e-05
9.570000000000000284e+00 6.841665689093440542e-05
9.576000000000000512e+00 5.656940683162542871e-05
9.582000000000000739e+00 5.710277552460932374e-05
9.587999999999999190e+00 7.596463203103985637e-05
9.593999999999999417e+00 5.818567559824329655e-05
9.599999999999999645e+00 6.141821313147903224e-05
9.605999999999999872e+00 6.303448189809690008e-05
9.612000000000000099e+00 5.548650675799144912e-05
9.618000000000000327e+00 5.495313806500755409e-05
9.624000000000000554e+00 5.548650675799144912e-05
9.630000000000000782e+00 5.656940683162542871e-05
9.635999999999999233e+00 6.088484443849513720e-05
9.641999999999999460e+00 5.926857567187726258e-05
9.647999999999999687e+00 5.333686929838968625e-05
9.653999999999999915e+00 6.841665689093440542e-05
9.660000000000000142e+00 6.518411935769866973e-05
9.666000000000000369e+00 6.465075066471476792e-05
9.672000000000000597e+00 6.195158182446293404e-05
9.678000000000000824e+00 5.818567559824329655e-05
9.683999999999999275e+00 5.710277552460932374e-05
9.689999999999999503e+00 6.303448189809690008e-05
9.695999999999999730e+00 5.063770045813784559e-05
9.701999999999999957e+00 5.495313806500755409e-05
9.708000000000000185e+00 4.957096307217005553e-05
9.714000000000000412e+00 5.387023799137358805e-05
9.720000000000000639e+00 7.003292565755228681e-05
9.726000000000000867e+00 5.710277552460932374e-05
9.731999999999999318e+00 6.141821313147903224e-05
9.737999999999999545e+00 5.333686929838968625e-05
9.743999999999999773e+00 5.333686929838968625e-05
9.750000000000000000e+00 6.088484443849513720e-05
9.756000000000000227e+00 5.333686929838968625e-05
9.762000000000000455e+00 6.411738197173087966e-05
9.768000000000000682e+00 6.033531305784506620e-05
9.773999999999999133e+00 5.656940683162542871e-05
9.779999999999999361e+00 6.465075066471476792e-05
9.785999999999999588e+00 6.250111320511301182e-05
9.791999999999999815e+00 6.033531305784506620e-05
9.798000000000000043e+00 6.250111320511301182e-05
9.804000000000000270e+00 4.957096307217005553e-05
9.810000000000000497e+00 6.088484443849513720e-05
9.816000000000000725e+00 5.280350060540579121e-05
9.821999999999999176e+00 5.656940683162542871e-05
9.827999999999999403e+00 5.656940683162542871e-05
9.833999999999999631e+00 6.250111320511301182e-05
9.839999999999999858e+00 5.656940683162542871e-05
9.846000000000000085e+00 4.525552546530034026e-05
9.852000000000000313e+00 5.980194436486117117e-05
9.858000000000000540e+00 5.495313806500755409e-05
9.864000000000000767e+00 5.926857567187726258e-05
9.869999999999999218e+00 5.871904429122719158e-05
9.875999999999999446e+00 5.765230690525940152e-05
9.881999999999999673e+00 5.063770045813784559e-05
9.887999999999999901e+00 6.626701943133263576e-05
9.894000000000000128e+00 5.818567559824329655e-05
9.900000000000000355e+00 5.710277552460932374e-05
9.906000000000000583e+00 6.250111320511301182e-05
9.912000000000000810e+00 5.172060053177181840e-05
9.917999999999999261e+00 5.871904429122719158e-05
9.923999999999999488e+00 6.303448189809690008e-05
9.929999999999999716e+00 5.871904429122719158e-05
9.935999999999999943e+00 6.896618827158448319e-05
9.942000000000000171e+00 5.548650675799144912e-05
9.948000000000000398e+00 5.118723183878791659e-05
9.954000000000000625e+00 5.765230690525940152e-05
9.960000000000000853e+00 6.141821313147903224e-05
9.965999999999999304e+00 5.871904429122719158e-05
9.971999999999999531e+00 6.626701943133263576e-05
9.977999999999999758e+00 6.734991950496661535e-05
9.983999999999999986e+00 6.303448189809690008e-05
9.990000000000000213e+00 6.518411935769866973e-05
9.996000000000000441e+00 6.896618827158448319e-05
1.000200000000000067e+01 5.548650675799144912e-05
1.000799999999999912e+01 6.141821313147903224e-05
1.001399999999999935e+01 5.387023799137358805e-05
1.001999999999999957e+01 5.871904429122719158e-05
1.002599999999999980e+01 5.656940683162542871e-05
1.003200000000000003e+01 5.441976937202365906e-05
1.003800000000000026e+01 5.172060053177181840e-05
1.004400000000000048e+01 6.303448189809690008e-05
1.005000000000000071e+01 5.710277552460932374e-05
1.005599999999999916e+01 5.871904429122719158e-05
1.006199999999999939e+01 5.926857567187726258e-05
1.006799999999999962e+01 5.710277552460932374e-05
1.007399999999999984e+01 6.411738197173087966e-05
1.008000000000000007e+01 7.111582573118625285e-05
1.008600000000000030e+01 5.656940683162542871e-05
1.009200000000000053e+01 5.656940683162542871e-05
1.009800000000000075e+01 6.356785059108080189e-05
1.010399999999999920e+01 5.710277552460932374e-05
1.010999999999999943e+01 6.141821313147903224e-05
1.011599999999999966e+01 6.465075066471476792e-05
1.012199999999999989e+01 5.225396922475572021e-05
1.012800000000000011e+01 6.841665689093440542e-05
1.013400000000000034e+01 6.250111320511301182e-05
1.014000000000000057e+01 5.710277552460932374e-05
1.014600000000000080e+01 4.472215677231644522e-05
1.015199999999999925e+01 6.250111320511301182e-05
1.015799999999999947e+01 5.656940683162542871e-05
1.016399999999999970e+01 5.225396922475572021e-05
1.016999999999999993e+01 6.195158182446293404e-05
1.017600000000000016e+01 7.164919442417014110e-05
1.018200000000000038e+01 6.250111320511301182e-05
1.018800000000000061e+01 5.172060053177181840e-05
1.019400000000000084e+01 6.088484443849513720e-05
1.019999999999999929e+01 6.734991950496661535e-05
1.020599999999999952e+01 5.656940683162542871e-05
1.021199999999999974e+01 5.548650675799144912e-05
1.021799999999999997e+01 4.740516292490210313e-05
1.022400000000000020e+01 5.548650675799144912e-05
1.023000000000000043e+01 5.980194436486117117e-05
1.023600000000000065e+01 5.495313806500755409e-05
1.024200000000000088e+01 5.818567559824329655e-05
1.024799999999999933e+01 5.603603813864153367e-05
1.025399999999999956e+01 5.980194436486117117e-05
1.025999999999999979e+01 5.010433176515395056e-05
1.026600000000000001e+01 6.518411935769866973e-05
1.027200000000000024e+01 6.141821313147903224e-05
1.027800000000000047e+01 5.980194436486117117e-05
1.028400000000000070e+01 6.518411935769866973e-05
1.028999999999999915e+01 5.603603813864153367e-05
1.029599999999999937e+01 4.740516292490210313e-05
1.030199999999999960e+01 5.656940683162542871e-05
1.030799999999999983e+01 5.926857567187726258e-05
1.031400000000000006e+01 5.441976937202365906e-05
1.032000000000000028e+01 5.548650675799144912e-05
1.032600000000000051e+01 6.680038812431653757e-05
1.033200000000000074e+01 6.949955696456838500e-05
1.033799999999999919e+01 6.788328819795051716e-05
1.034399999999999942e+01 5.172060053177181840e-05
1.034999999999999964e+01 6.141821313147903224e-05
1.035599999999999987e+01 6.033531305784506620e-05
1.036200000000000010e+01 6.303448189809690008e-05
1.036800000000000033e+01 5.603603813864153367e-05
1.037400000000000055e+01 5.926857567187726258e-05
1.038000000000000078e+01 5.818567559824329655e-05
1.038599999999999923e+01 5.656940683162542871e-05
1.039199999999999946e+01 6.788328819795051716e-05
1.039799999999999969e+01 7.164919442417014110e-05
1.040399999999999991e+01 5.656940683162542871e-05
1.041000000000000014e+01 7.003292565755228681e-05
1.041600000000000037e+01 6.250111320511301182e-05
1.042200000000000060e+01 6.141821313147903224e-05
1.042800000000000082e+01 6.303448189809690008e-05
1.043399999999999928e+01 7.003292565755228681e-05
1.043999999999999950e+01 7.704753210467383596e-05
1.044599999999999973e+01 8.674514470438104302e-05
1.045199999999999996e+01 1.400820140027707360e-04
1.045800000000000018e+01 2.790811279319075060e-04
1.046400000000000041e+01 5.958698061890098201e-04
1.047000000000000064e+01 8.582387150740885835e-04
1.047600000000000087e+01 9.379692533313481722e-04
1.048199999999999932e+01 8.302287773486008741e-04
1.048799999999999955e+01 6.572880193204889065e-04
1.049399999999999977e+01 3.900541414478903772e-04
1.050000000000000000e+01 1.896368143872746292e-04
1.050600000000000023e+01 1.276852325628116951e-04
1.051200000000000045e+01 8.781188209034883308e-05
1.051800000000000068e+01 9.051105093060068051e-05
1.052399999999999913e+01 7.919716956427560561e-05
1.052999999999999936e+01 7.919716956427560561e-05
1.053599999999999959e+01 6.356785059108080189e-05
1.054199999999999982e+01 6.195158182446293404e-05
1.054800000000000004e+01 5.926857567187726258e-05
1.055400000000000027e+01 6.195158182446293404e-05
1.056000000000000050e+01 6.411738197173087966e-05
1.056600000000000072e+01 5.926857567187726258e-05
1.057199999999999918e+01 6.841665689093440542e-05
1.057799999999999940e+01 6.896618827158448319e-05
1.058399999999999963e+01 5.333686929838968625e-05
1.058999999999999986e+01 5.118723183878791659e-05
1.059600000000000009e+01 6.250111320511301182e-05
1.060200000000000031e+01 6.088484443849513720e-05
1.060800000000000054e+01 6.411738197173087966e-05
1.061400000000000077e+01 6.949955696456838500e-05
1.061999999999999922e+01 5.926857567187726258e-05
1.062599999999999945e+01 6.033531305784506620e-05
1.063199999999999967e+01 5.225396922475572021e-05
1.063799999999999990e+01 6.518411935769866973e-05
1.064400000000000013e+01 5.387023799137358805e-05
1.065000000000000036e+01 5.765230690525940152e-05
1.065600000000000058e+01 5.871904429122719158e-05
1.066200000000000081e+01 5.603603813864153367e-05
1.066799999999999926e+01 5.441976937202365906e-05
1.067399999999999949e+01 6.734991950496661535e-05
1.067999999999999972e+01 5.926857567187726258e-05
1.068599999999999994e+01 5.765230690525940152e-05
1.069200000000000017e+01 5.980194436486117117e-05
1.069800000000000040e+01 6.250111320511301182e-05
1.070400000000000063e+01 5.280350060540579121e-05
1.071000000000000085e+01 5.495313806500755409e-05
1.071599999999999930e+01 5.656940683162542871e-05
1.072199999999999953e+01 6.411738197173087966e-05
1.072799999999999976e+01 5.765230690525940152e-05
1.073399999999999999e+01 6.141821313147903224e-05
1.074000000000000021e+01 6.303448189809690008e-05
1.074600000000000044e+01 6.411738197173087966e-05
1.075200000000000067e+01 5.656940683162542871e-05
1.075799999999999912e+01 5.710277552460932374e-05
1.076399999999999935e+01 5.333686929838968625e-05
1.076999999999999957e+01 6.088484443849513720e-05
1.077599999999999980e+01 5.710277552460932374e-05
1.078200000000000003e+01 6.680038812431653757e-05
1.078800000000000026e+01 6.033531305784506620e-05
1.079400000000000048e+01 5.871904429122719158e-05
1.080000000000000071e+01 5.172060053177181840e-05
1.080599999999999916e+01 5.603603813864153367e-05
1.081199999999999939e+01 6.680038812431653757e-05
1.081799999999999962e+01 5.871904429122719158e-05
1.082399999999999984e+01 5.818567559824329655e-05
1.083000000000000007e+01 5.548650675799144912e-05
1.083600000000000030e+01 5.387023799137358805e-05
1.084200000000000053e+01 5.765230690525940152e-05
1.084800000000000075e+01 5.926857567187726258e-05
1.085399999999999920e+01 5.548650675799144912e-05
1.085999999999999943e+01 6.195158182446293404e-05
1.086599999999999966e+01 6.626701943133263576e-05
1.087199999999999989e+01 4.525552546530034026e-05
1.087800000000000011e+01 6.411738197173087966e-05
1.088400000000000034e+01 6.303448189809690008e-05
1.089000000000000057e+01 5.656940683162542871e-05
1.089600000000000080e+01 5.225396922475572021e-05
1.090199999999999925e+01 5.333686929838968625e-05
1.090799999999999947e+01 5.225396922475572021e-05
1.091399999999999970e+01 7.434836326442198853e-05
1.091999999999999993e+01 6.896618827158448319e-05
1.092600000000000016e+01 6.088484443849513720e-05
1.093200000000000038e+01 6.411738197173087966e-05
1.093800000000000061e+01 6.033531305784506620e-05
1.094400000000000084e+01 5.926857567187726258e-05
1.094999999999999929e+01 6.250111320511301182e-05
1.095599999999999952e+01 7.326546319078802250e-05
1.096199999999999974e+01 5.980194436486117117e-05
1.096799999999999997e+01 5.656940683162542871e-05
1.097400000000000020e+01 5.926857567187726258e-05
1.098000000000000043e+01 5.118723183878791659e-05
1.098600000000000065e+01 5.118723183878791659e-05
1.099200000000000088e+01 6.896618827158448319e-05
1.099799999999999933e+01 6.411738197173087966e-05
